projection : 0
converstion : 0
crop : 0.00158371
ground removal : 0.00516132
undistortion : 0.00118316
downsampling : 0.00138082
clustering : 0.0117308
Lshape fitting : 0.0043189
