projection : 0
converstion : 0
crop : 0.00177104
ground removal : 0.0101521
undistortion : 0.00223433
downsampling : 0.00220519
clustering : 0.0160687
Lshape fitting : 0.00490893
