projection : 0
converstion : 0
crop : 0.00212579
ground removal : 0.00212579
undistortion : 0.00228154
downsampling : 0.00216135
clustering : 0.0104689
Lshape fitting : 0.00443225
