projection : 0
converstion : 0
crop : 0.00236001
ground removal : 0.0161971
undistortion : 0.00338184
downsampling : 0.00413343
clustering : 0.023409
Lshape fitting : 0.00404779
