projection : 0
converstion : 0
crop : 0.00226591
ground removal : 0.012741
undistortion : 0
downsampling : 0.00386409
clustering : 0.0210051
Lshape fitting : 0.00598119
