projection : 0
converstion : 0
crop : 0.00191155
ground removal : 0.00871083
undistortion : 0.00171463
downsampling : 0.00224798
clustering : 0.0198708
Lshape fitting : 0.00557352
