projection : 0
converstion : 0
crop : 0.00152663
ground removal : 0.00473937
undistortion : 0.00129094
downsampling : 0.00123643
clustering : 0.0123349
Lshape fitting : 0.00446602
