0.00916991
0.00920105
0.00939242
0.00945371
0.00864424
0.00832443
0.00860438
0.00809249
0.0129333
0.0082966
0.0114249
0.0100932
0.0101973
0.0100792
0.00829172
0.00809126
0.0108308
0.00952209
0.0100305
0.0112202
0.0118026
0.00910983
0.00861708
0.00855713
0.00788298
0.0079621
0.00834127
0.0102394
0.00977587
0.00759121
0.00736685
0.00793654
0.00789414
0.00807458
0.00882238
0.00813406
0.0089654
0.00891733
0.013476
0.0128438
0.0128897
0.00799118
0.0081144
0.00916898
0.00833106
0.00815507
0.0081572
0.00830105
0.00834126
0.00849369
0.00918193
0.00846
0.00775664
0.00851311
0.00824748
0.00795737
0.00825894
0.00758597
0.00732902
0.00779009
0.00794756
0.00756915
0.0135364
0.00749167
0.00736792
0.00724536
0.00699758
0.00697939
0.0072215
0.00782208
0.00738179
0.00694535
0.0073237
0.00705253
0.00657509
0.00693495
0.00704475
0.00731693
0.00734598
0.00724004
0.00745492
0.00759631
0.0140458
0.00800999
0.00789291
0.00766591
0.00763969
0.00739779
0.00735006
0.00703945
0.0072975
0.00740674
0.00769813
0.00770361
0.00793897
0.00837157
0.00925495
0.00797873
0.00843324
0.00868355
0.00834123
0.00802187
0.00857089
0.00844461
0.00842
0.00836964
0.00926513
0.00808244
0.00927391
0.00886831
0.00862472
0.00958254
0.00874635
0.0091778
0.0100291
0.0100922
0.00978718
0.00977401
0.00954565
0.0100389
0.00953211
0.0098969
0.0102044
0.00996502
0.0101482
0.00963198
0.0104411
0.00930823
0.0106883
0.0103343
0.0112641
0.0111205
0.0104435
0.0106641
0.0106237
0.0104627
0.0105218
0.0103692
0.0110746
0.0104644
0.0106323
0.0114085
0.0106102
0.0109827
0.0111316
0.0111829
0.0108041
0.0106664
0.010396
0.0104186
0.0108158
0.0100647
0.0114045
0.00976387
0.00923257
0.00903068
0.00934829
0.00965323
0.00923991
0.00921747
0.00973983
0.00932569
0.00948816
0.00903439
0.00905593
0.00912899
0.00931955
0.00877245
0.0102465
0.00893502
0.00924526
0.00988672
0.0098853
0.0105537
0.00957243
0.0141453
0.0144862
0.0140716
0.0103113
0.0109437
0.0127177
0.0115221
0.0130629
0.0109456
0.010691
0.0137596
0.0109305
0.0110423
0.0107568
0.0109796
0.0105121
0.0108391
0.0110245
0.0114944
0.011292
0.0113661
0.0111287
0.011567
0.0115309
0.0110917
0.0111208
0.0114969
0.0117135
0.0113695
0.0121673
0.0110839
0.0112571
0.0119235
0.0122666
0.0121416
0.0117826
0.012011
0.011933
0.0121034
0.0120136
0.01209
0.0128715
0.0121686
0.011832
0.0116878
0.0120723
0.0128931
0.0125328
0.0117277
0.0118293
0.0114713
0.0119703
0.0125517
0.0124889
0.0125656
0.0120618
0.012092
0.0122616
0.0122572
0.0126732
0.0121371
0.0128805
0.0126123
0.0122892
0.0121106
0.0131962
0.0127734
0.0124372
0.0126634
0.0131986
0.0126331
0.013189
0.0125744
0.0125199
0.0139108
0.0126597
0.0132496
0.0153259
0.012932
0.0143472
0.0129291
0.0131387
0.0129253
0.0138912
0.0134401
0.0133192
0.0134132
0.0141768
0.0131693
0.0138411
0.0136736
0.0130397
0.0135839
0.0131305
0.0139273
0.0139536
0.0132978
0.0129942
0.0129621
0.0131177
0.0134552
0.0126411
0.0129416
0.0130794
0.0146535
0.0130492
0.0131364
0.0125355
0.0127158
0.0126231
0.0127979
0.0130065
0.0150333
0.01214
0.0130708
0.0124973
0.012414
0.0124348
0.013241
0.0127605
0.012624
0.0125444
0.0137303
0.0127293
0.0129167
0.012546
0.0121773
0.012001
0.0117482
0.0123848
0.0117487
0.0121508
0.0113235
0.0118228
0.011772
0.0120673
0.0116842
0.0142045
0.0118059
0.0121331
0.0118208
0.0114764
0.0118923
0.0115234
0.0119974
0.0118311
0.011659
0.0118861
0.0117073
0.0138284
0.011927
0.0130264
0.0122472
0.01202
0.0115547
0.0115777
0.011955
0.0117006
0.0121221
0.0117333
0.0123549
0.0120048
0.014521
0.0139667
0.0115426
0.0118853
0.0116537
0.0110738
0.0112137
0.0111646
0.0115833
0.0113404
0.0117534
0.0112918
0.0115251
0.0111093
0.0114396
0.0107399
0.0112717
0.0104718
0.0109607
0.0110832
0.0118793
0.0107692
0.0107019
0.0107629
0.0109291
0.0108511
0.0106136
0.0113
0.0108321
0.0108071
0.0105434
0.0104333
0.0112693
0.010871
0.011401
0.0113391
0.0110443
0.0110382
0.011065
0.0103929
0.0100806
0.0104746
0.0104465
0.0109475
0.0135118
0.0107075
0.0109782
0.0103641
0.0104688
0.0101547
0.0103541
0.0109946
0.0107593
0.0105008
0.0111614
0.0113199
0.0108963
0.0107853
0.0112427
0.0106057
0.0159767
0.0161192
0.0104679
0.0108752
0.0106031
0.0101127
0.0109432
0.0115335
0.0154613
0.0129138
0.0103399
0.0106663
0.0107626
0.0111021
0.0121064
0.0106282
0.0111646
0.0103481
0.0103292
0.0103849
0.0107545
0.0101921
0.0105159
0.0104769
0.0105083
0.0106304
0.0126257
0.0127776
0.0105107
0.0104647
0.0106374
0.0103178
0.010315
0.0107392
0.0106906
0.014531
0.010448
0.0108045
0.0101485
0.0100574
0.0101069
0.00988522
0.0102051
0.0101805
0.00966365
0.0099492
0.00946723
0.0102045
0.0100561
0.010004
0.00957321
0.00957987
0.00941923
0.00946487
0.0096047
0.00924993
0.0093651
0.00979072
0.00939025
0.0100436
0.00972779
0.0100036
0.00953094
0.0102597
0.00958794
0.00980923
0.00992824
0.00990808
0.0096601
0.00939773
0.00960062
0.00984096
0.00951212
0.0103261
0.00967818
0.00965594
0.0096484
0.00967445
0.00991101
0.00997237
0.00978692
0.00991811
0.00975024
0.00936517
0.0097136
0.00939876
0.00970379
0.00986753
0.0111948
0.00979685
0.00989228
0.0100184
0.00996755
0.0119068
0.0108417
0.0119178
0.0108892
0.010683
0.0107165
0.0105324
0.0109595
0.010777
0.0106716
0.00993721
0.0113714
0.0107881
0.0113584
0.0106046
0.0110595
0.011368
0.0107637
0.0100471
0.0106855
0.010959
0.0111747
0.0107614
0.0104473
0.0111074
0.0105423
0.0105413
0.0109164
0.0100583
0.00990952
0.00973134
0.00966838
0.0111428
0.00977183
0.0106916
0.0106917
0.00992668
0.00967716
0.00925264
0.00887939
0.00929802
0.00898802
0.00872765
0.00901278
0.00947603
0.00952584
0.00991916
0.00960209
0.0100289
0.00982344
0.00968859
0.00996873
0.0101617
0.0105576
0.0104574
0.0102599
0.0100649
0.0103962
0.0136727
0.011365
0.0104909
0.0105317
0.0111543
0.0112665
0.0108829
0.0111974
0.0112849
0.0111245
0.011155
0.0112409
0.0105236
0.0161068
0.0169586
0.0106891
0.0111106
0.0105134
0.0105874
0.0103855
0.0147097
0.0147197
0.0103453
0.00981499
0.010224
0.010636
0.0105773
0.0112691
0.0111686
0.0112051
0.0111732
0.0110475
0.0112751
0.0123356
0.0128024
0.0128781
0.0132869
0.0132719
0.0129396
0.0127426
0.0125567
0.0128358
0.0127227
0.0129852
0.0124683
0.0131622
0.0125669
0.0126228
0.0127221
0.0127686
0.0128704
0.0123785
0.0121579
0.0122542
0.0123431
0.0124481
0.012284
0.0142657
0.0117534
0.0115549
0.0164137
0.0124594
0.0120841
0.0124642
0.0109642
0.011636
0.0110369
0.0111937
0.0109403
0.0113417
0.0105466
0.0109766
0.0108934
0.0111746
0.0110259
0.0108003
0.0106534
0.010664
0.0113869
0.0100522
0.0102367
0.00984514
0.00986794
0.00966698
0.0153315
0.00941439
0.00989143
0.00964797
0.00931207
0.00922639
0.00933846
0.00952148
0.00905847
0.00865135
0.00893679
0.00884355
0.00893858
0.00909229
0.00896654
0.00904748
0.00911389
0.00903585
0.00867424
0.00862251
0.00898044
0.00909439
0.00932777
0.00937487
0.00931739
0.00946334
0.0091018
0.00969299
0.00929154
0.00895915
0.00885771
0.00943098
0.00968429
0.00933783
0.00991317
0.00986992
0.0102921
0.00989541
0.0101547
0.0103014
0.0103925
0.0104868
0.0104241
0.0106271
0.0108048
0.0104476
0.0108877
0.0109671
0.0118445
0.0136596
0.011324
0.0113013
0.0112142
0.0156833
0.0115433
0.0120807
0.0116147
0.0116102
0.0120987
0.0124613
0.0119978
0.0123237
0.0120625
0.0126421
0.0121476
0.0123551
0.0123039
0.0125231
0.0122104
0.0121016
0.0126924
0.0132648
0.0128948
0.0130556
0.0127819
0.0121932
0.0126714
0.0122203
0.0126563
0.0126736
0.0126414
0.0129016
0.0130056
0.0129744
0.0124577
0.0126546
0.0137175
0.0140577
0.0125172
0.012574
0.0118744
0.012344
0.0125675
0.0127554
0.0124891
0.0124096
0.0121723
0.011905
0.0126152
0.0122648
0.0123451
0.0119452
0.0115798
0.0112752
0.0117274
0.0117974
0.0118146
0.0114395
0.0112197
0.0116124
0.0112443
0.0113826
0.0110163
0.0109244
0.0120452
0.0118808
0.0120112
0.0122419
0.0116952
0.0114396
0.0117989
0.0118401
0.0109183
0.0120688
0.0117242
0.0110485
0.0110223
0.0111727
0.0107179
0.0109392
0.0111665
0.011579
0.01084
0.0113145
0.0113813
0.0112073
0.0112837
0.0108579
0.0107375
0.0104868
0.0113763
0.0115931
0.0106768
0.0101856
0.010333
0.0110064
0.0110126
0.0106729
0.0102558
0.00983083
0.010451
0.0100996
0.0102917
0.0106133
0.00982406
0.0115154
0.0107657
0.0107133
0.0103942
0.010259
0.00984853
0.00957717
0.0097203
0.00932808
0.00897787
0.0138697
0.0139425
0.00834571
0.00917065
0.00889954
0.00907367
0.0148945
0.00899007
0.00864876
0.00857128
0.00870508
0.00943044
0.00863796
0.0112794
0.00869856
0.00887743
0.0147457
0.00966158
0.00891044
0.00985306
0.00950621
0.0101815
0.00934092
0.00959795
0.00973644
0.00997025
0.010323
0.00966205
0.0103794
0.0105042
0.00967852
0.00983602
0.00927115
0.00956334
0.0106821
0.0107339
0.0105367
0.010177
0.0118448
0.0111839
0.0108311
0.0105323
0.010406
0.0104191
0.0106306
0.01116
0.0106806
0.011418
0.0122893
0.0109962
0.0112281
0.0112567
0.0112327
0.0108765
0.0110827
0.0118668
0.011856
0.0106858
0.0115014
0.0123753
0.0111917
0.0110346
0.0107877
0.0111305
0.0120773
0.011196
0.0113466
0.0111577
0.0113693
0.0116332
0.011852
0.0109695
0.0114068
0.0112194
0.0109792
0.0104618
0.0106839
0.0101654
0.0107474
0.0110237
0.0166305
0.0105107
0.0106008
0.010566
0.0100897
0.0100611
0.0103483
0.0103436
0.0101973
0.0100064
0.0101198
0.00983663
0.00998859
0.00984222
0.0096937
0.00921561
0.00924379
0.00988494
0.00890811
0.00865807
0.00909194
0.00848792
0.00960558
0.00907732
0.00887359
0.00877098
0.00904047
0.00919651
0.00945633
0.00936426
0.0094983
0.00960534
0.00928776
0.00986635
0.0100875
0.0111946
0.0102253
0.0179947
0.0139041
0.0151896
0.0108544
0.0104072
0.0105621
0.0107485
0.0112742
0.0124881
0.0114705
0.0110057
0.00999524
0.0117693
0.0120531
0.011
0.0107807
0.0111875
0.0123765
0.0124266
0.0131938
0.0168351
0.0109561
0.0109437
0.0120881
0.0123267
0.0124144
0.0113857
0.0122097
0.0111553
0.0115255
0.011137
0.0108099
0.0111549
0.0111929
0.0107374
0.0109726
0.0107477
0.0109443
0.0112791
0.0113224
0.0111575
0.011142
0.0112944
0.0111612
0.0116045
0.0113001
0.0114258
0.0119377
0.0114663
0.0114094
0.0110115
0.0116284
0.0110756
0.0110699
0.0114731
0.0118819
0.0112031
0.0107356
0.0110439
0.0117705
0.0108731
0.0114631
0.011878
0.0123229
0.0145258
0.0139388
0.012368
0.0133082
0.0107693
0.0112977
0.0109409
0.0114241
0.0111878
0.0113866
0.0104103
0.011283
0.0109666
0.0111111
0.0116346
0.0115951
0.0108085
0.0106231
0.0110412
0.011473
0.0126278
0.0107849
0.012772
0.0106617
0.0123669
0.011315
0.0118868
0.0105314
0.0136685
0.0107459
0.0106377
0.0106337
0.0107119
0.0112175
0.0111217
0.0105799
0.0102722
0.0100349
0.0101867
0.0101206
0.00965702
0.0100597
0.01208
0.0110477
0.00923196
0.00985762
0.00968638
0.00973186
0.00951464
0.0103816
0.00991585
0.00970883
0.00942833
0.00937874
0.00907821
0.00922209
0.00910376
0.0091017
0.0087957
0.00994824
0.00845268
0.00876621
0.00885929
0.00901855
0.00903552
0.00946533
0.00966013
0.0103631
0.00919558
0.00899827
0.0102483
0.00853649
0.00926055
0.00884315
0.00899429
0.00884768
0.00848957
0.00849029
0.00883424
0.00917973
0.00980428
0.00983125
0.0100509
0.0096452
0.0102863
0.00964165
0.00948573
0.00976441
0.00954149
0.00939655
0.0092636
0.0092596
0.00979867
0.0100223
0.00943439
0.00921197
0.00919879
0.00948597
0.0105466
0.00977375
0.0114069
0.0129792
0.00941148
0.00915529
0.00875232
0.0101928
0.00901823
0.0092162
0.00902487
0.00872398
0.00957017
0.00906634
0.00886463
0.00865399
0.00871145
0.00971899
0.00990425
0.00867671
0.00925523
0.0088772
0.00948395
0.00918365
0.00900777
0.00929016
0.00913247
0.00917095
0.00934183
0.00906014
0.00898639
0.00856654
0.00999229
0.00885084
0.00887402
0.00926436
0.00919742
0.00901882
0.0101276
0.00926163
0.0101577
0.00944314
0.00944323
0.00946519
0.00873673
0.00889616
0.00951447
0.009302
0.00858608
0.0091408
0.00887912
0.00880056
0.00908039
0.00874731
0.00925058
0.0093554
0.0090994
0.00897016
0.0089551
0.00918908
0.00913823
0.00873113
0.011485
0.00873564
0.0090272
0.00871158
0.00939823
0.00906762
0.00878878
0.00950496
0.00926069
0.0093307
0.00914105
0.00925461
0.00900572
0.00866565
0.00885574
0.0090484
0.00868522
0.00860673
0.00944968
0.00913463
0.0094392
0.00930113
0.0089736
0.00839443
0.00868377
0.00892626
0.00929884
0.00939424
0.00931787
0.00860788
0.00858994
0.00937984
0.0089312
0.00930168
0.00999912
0.00888308
0.0089962
0.00913036
0.00913094
0.00900375
0.00883225
0.00918116
0.00878857
0.00906556
0.0088349
0.00860373
0.00838607
0.00797739
0.00882024
0.00862184
0.00948993
0.00958336
0.0098696
0.00961285
0.0103893
0.0107715
0.0093333
0.00870948
0.00894516
0.00941505
0.00972596
0.00965473
0.00926388
0.00896148
0.00899285
0.00889552
0.00897096
0.00859907
0.00845765
0.00889471
0.00888807
0.00886938
0.0105266
0.00858708
0.00856778
0.00794141
0.00760185
0.00753288
0.00745294
0.00820786
0.00757896
0.00843912
0.00828493
0.00779308
0.0108741
0.00804054
0.00782583
0.00790853
0.00795474
0.0076917
0.00789829
0.00808818
0.0101886
0.00845694
0.00801752
0.0082382
0.00861844
0.00839124
0.00865802
0.00890976
0.00864248
0.00874931
0.0120116
0.00839788
0.00814722
0.00810074
0.00825325
0.00916447
0.00810244
0.00825356
0.00792144
0.00814724
0.0082923
0.00852316
0.00861872
0.00864393
0.00879154
0.00942412
0.00896263
0.00904626
0.0100661
0.00916439
0.00860769
0.00890126
0.00907321
0.00963004
0.00944894
0.0105339
0.0104324
0.00991258
0.0108793
0.0111209
0.0104904
0.0109289
0.0101428
0.0105986
0.00970533
0.0100828
0.0101416
0.0103127
0.0107678
0.0111384
0.0113092
0.0117518
0.0106512
0.0125009
0.0109378
0.010631
0.0108011
0.0113185
0.0111231
0.0112863
0.0112073
0.0109052
0.0115383
0.0112268
0.011301
0.011286
0.0117578
0.0117486
0.0121876
0.0122906
0.0116812
0.0116203
0.011596
0.0112366
0.0119611
0.0121827
0.0133268
0.0119987
0.0123129
0.0126264
0.0121824
0.0125413
0.0127145
0.01271
0.0129325
0.013137
0.0131728
0.0128846
0.0129932
0.0129714
0.0123995
0.0137675
0.0129322
0.0131008
0.0131872
0.0128486
0.0135092
0.0135751
0.0131648
0.0140676
0.013387
0.0143931
0.0150043
0.0140982
0.0140343
0.0141313
0.013625
0.0138763
0.0133949
0.0133168
0.0130324
0.0130767
0.0134468
0.0132477
0.0133894
0.0131344
0.0132269
0.0127262
0.012474
0.0154216
0.0147203
0.0134502
0.0160852
0.0137573
0.0136821
0.0139314
0.0127351
0.0133823
0.0129321
0.0132809
0.0129906
0.0156219
0.0128187
0.0128516
0.0127458
0.0130786
0.0253113
0.0135144
0.0127329
0.0134054
0.0123511
0.0123975
0.0127052
0.0113157
0.012442
0.012449
0.0117367
0.0124302
0.0113742
0.0116552
0.0117042
0.0119922
0.0115569
0.0114081
0.0108785
0.0108227
0.0107956
0.0114387
0.0117029
0.011447
0.0111911
0.011221
0.0111977
0.010812
0.0113862
0.0140457
0.0108083
0.0115722
0.0147179
0.0106151
0.0119328
0.0110682
0.0115608
0.0109335
0.0106821
0.0107143
0.0104453
0.012482
0.0104025
0.0106106
0.0118114
0.0107932
0.0120311
0.0105106
0.0107106
0.0107897
0.0110141
0.0139484
0.0107482
0.0107296
0.0104719
0.0102555
0.00994282
0.00956188
0.010264
0.00966459
0.0120714
0.017343
0.00964955
0.00935275
0.00948641
0.010199
0.00929699
0.00918815
0.0103127
0.00989246
0.00921662
0.00917889
0.00927398
0.00943744
0.00957798
0.00912605
0.00932558
0.00859709
0.00956496
0.00930286
0.00830024
0.00835005
0.00896485
0.00863357
0.00912714
0.00906614
0.00999212
0.00840616
0.0103565
0.0115466
0.0103622
0.008601
0.0093124
0.00870208
0.00840359
0.00870178
0.00992895
0.00886393
0.00870383
0.00826729
0.00860964
0.0086105
0.0089564
0.00852895
0.00865947
0.0117564
0.0107349
0.0101251
0.00934184
0.00885505
0.0116592
0.0113108
0.00944409
0.00926845
0.0094831
0.00914391
0.0106255
0.00882992
0.00928918
0.0090886
0.00969433
0.00898194
0.00908621
0.00948465
0.00935523
0.00878402
0.0111829
0.0088892
0.00883162
0.00962141
0.00922437
0.0094571
0.00909248
0.0092814
0.00892123
0.00924912
0.0088916
0.00924136
0.00916614
0.00934533
0.00938252
0.00926345
0.00912583
0.0093989
0.00923681
0.00931315
0.00933203
0.00918684
0.00948732
0.00888337
0.00900886
0.00896128
0.00881382
0.00977645
0.00977701
0.00924601
0.00895117
0.00889235
0.00906251
0.00917782
0.00913898
0.00925349
0.00910936
0.00934432
0.00926835
0.00959618
0.00968985
0.00977614
0.00965861
0.00980523
0.00920618
0.00982048
0.00971959
0.0108015
0.0101762
0.00992458
0.0100334
0.0169865
0.010135
0.0102985
0.00993949
0.00955509
0.00977893
0.00971646
0.00989739
0.00958372
0.00998376
0.00964798
0.0102274
0.00996472
0.00965375
0.00965453
0.00950517
0.00931467
0.0094957
0.00931194
0.00915212
0.00902843
0.00886703
0.00885019
0.009756
0.00882188
0.0104389
0.00920741
0.00967448
0.00891928
0.0101292
0.00981421
0.00969392
0.00949429
0.00770189
0.0070862
0.00718441
0.00819945
0.00821641
0.00794749
0.00756629
0.00795442
0.00867314
0.00888599
0.00892196
0.00777095
0.00744364
0.00782178
0.00835115
0.00799265
0.00858528
0.00888399
0.00885196
0.00959536
0.00855175
0.00802082
0.00844949
0.00804413
0.00866363
0.00891488
0.00916087
0.00847366
0.00879612
0.0114437
0.00852067
0.0102155
0.00855581
0.00846914
0.00952458
0.00830594
0.0112026
0.00842513
0.00853975
0.00958359
0.00792612
0.00773884
0.00784622
0.00784913
0.00778858
0.00828905
0.00826604
0.00784483
0.00812035
0.00731549
0.00753327
0.00737697
0.00759759
0.00747495
0.00721846
0.00779179
0.00732629
0.00739902
0.00795422
0.00770914
0.00811565
0.00709398
0.00796617
0.00788885
0.00758765
0.00821639
0.00714514
0.00698243
0.00686481
0.00682913
0.00688161
0.00675205
0.0070219
0.00685443
0.00689298
0.00680386
0.00676257
0.00718281
0.0068516
0.00670789
0.00748057
0.00623768
0.00621202
0.00614845
0.00626184
0.00668244
0.00645328
0.00610117
0.00715572
0.00717114
0.0067719
0.00617712
0.00628584
0.006106
0.00631386
0.00696508
0.00672729
0.00708136
0.00762511
0.00778628
0.00891779
0.00918249
0.00778751
0.00823152
0.0077387
0.00838317
0.00796057
0.00886788
0.00883499
0.00963874
0.00968638
0.00962131
0.00989845
0.0100194
0.00977869
0.00975087
0.0104646
0.0102145
0.00993018
0.0102324
0.00997358
0.0104671
0.0108239
0.0104262
0.0102207
0.0101298
0.0102629
0.0109411
0.010404
0.0105725
0.010674
0.0107968
0.01079
0.0108092
0.0104148
0.0110128
0.0114623
0.0115344
0.0113246
0.0110316
0.0103892
0.0107295
0.0103893
0.0105058
0.011035
0.0107365
0.0102753
0.0109984
0.0107643
0.0109102
0.0105438
0.0112828
0.011428
0.0106714
0.0107825
0.0105758
0.0108121
0.0106492
0.0108201
0.0113592
0.011013
0.0111139
0.0109616
0.0107491
0.0106457
0.0105532
0.0102091
0.00983616
0.00963096
0.00968587
0.00962657
0.00980976
0.00975935
0.0095559
0.00975637
0.00945181
0.00936809
0.00950149
0.00979766
0.00900783
0.00924322
0.00893192
0.00939835
0.00868734
0.00890226
0.0088666
0.00818406
0.00829271
0.00857181
0.00914056
0.00939135
0.00893639
0.0092658
0.00935432
0.0130517
0.0122563
0.0107148
0.00859135
0.0116249
0.00879299
0.00874265
0.00888669
0.00903552
0.00903957
0.00914127
0.00860164
0.00887944
0.00885467
0.0088281
0.00903466
0.00897365
0.0086014
0.00835945
0.00848115
0.0085798
0.00841074
0.00833064
0.00934389
0.00836687
0.00809793
0.00825732
0.00905342
0.00812594
0.00865942
0.00830697
0.00848391
0.00825223
0.00801148
0.00751041
0.00776704
0.00724234
0.00764343
0.00725163
0.00763181
0.00749365
0.00717244
0.00730483
0.00750402
0.00762889
0.00747986
0.00746277
0.00802585
0.00790753
0.00777327
0.00793898
0.00796056
0.00749099
0.00756969
0.00826433
0.00802362
0.00797713
0.00809153
0.00836913
0.00806073
0.00775187
0.00842312
0.00837324
0.0080881
0.0083947
0.00829463
0.00822238
0.00838313
0.00856698
0.00777162
0.00673936
0.00817523
0.00908298
0.00959401
0.00862524
0.00863105
0.009439
0.0117676
0.0100265
0.00953445
0.00916146
0.00899277
0.00923097
0.00961428
0.00951664
0.00991744
0.00939535
0.0091496
0.00929271
0.00953297
0.00942362
0.00958423
0.00916927
0.0093831
0.00943565
0.00928077
0.00919166
0.00932816
0.00932591
0.00889374
0.00835897
0.00914183
0.00864186
0.00838915
0.00904392
0.00835123
0.00912251
0.00889751
0.00862451
0.00790638
0.0080268
0.00823389
0.0102672
0.00903442
0.00840819
0.00850227
0.0083133
0.00758851
0.00671862
0.00619979
0.00710309
0.00666673
0.00647181
0.00638854
0.00722431
0.00783957
0.00845924
0.00827013
0.00861434
0.00887283
0.00910861
0.00990909
0.0092135
0.00828008
0.00825371
0.00818931
0.008493
0.00940261
0.00921879
0.00867573
0.00860063
0.00888718
0.00883687
0.00868051
0.00827734
0.00770699
0.00706691
0.0078122
0.00847244
0.00872344
0.00879501
0.0085248
0.00913419
0.00954393
0.0099401
0.00909112
0.00911553
0.00941992
0.00914349
0.00939943
0.00865391
0.00949454
0.00938345
0.00936055
0.00955942
0.00862203
0.00890548
0.008946
0.00860879
0.00902103
0.0090904
0.00943948
0.00866099
0.0135675
0.0133047
0.0113359
0.0104986
0.0100121
0.00914336
0.0128114
0.0129223
0.00926234
0.00919789
0.00938467
0.00922344
0.00956741
0.0095064
0.0096919
0.00894564
0.00986754
0.00989747
0.010193
0.00946023
0.0089139
0.00980322
0.00907561
0.00925821
0.0103428
0.00888945
0.00955004
0.00927983
0.00921418
0.0110449
0.00938008
0.00902932
0.00911107
0.0088728
0.00846117
0.00870146
0.00865749
0.00879203
0.0115579
0.00957388
0.0112039
0.00882366
0.0115525
0.0117314
0.009152
0.00890152
0.00890805
0.00874338
0.00873756
0.00865854
0.0088559
0.00909362
0.00910653
0.00898977
0.00902295
0.00895212
0.00913119
0.00917291
0.00890381
0.00902297
0.00931268
0.00958176
0.00925978
0.0093659
0.00942484
0.00934432
0.00909423
0.0095186
0.0099768
0.010086
0.00994127
0.00962215
0.0101885
0.0100482
0.0104197
0.0105551
0.0100758
0.00993457
0.00994563
0.0102119
0.0101491
0.0103629
0.010049
0.00988381
0.0101489
0.00958895
0.0155637
0.0101454
0.00967518
0.00998662
0.0104003
0.00996939
0.0107985
0.0110459
0.0103913
0.0106391
0.0161391
0.0106974
0.00985404
0.0118574
0.00973122
0.0101938
0.0123425
0.01083
0.00996769
0.0100613
0.0103854
0.0101975
0.0102263
0.00984517
0.00948533
0.010122
0.00967022
0.00913917
0.0096846
0.00952693
0.00874946
0.00987729
0.00955266
0.0124472
0.00905298
0.015143
0.0153749
0.00916377
0.00961607
0.00937551
0.00954298
0.00938489
0.00941824
0.00959922
0.00989796
0.00936331
0.00895806
0.00952817
0.00940171
0.00885703
0.00885364
0.00883309
0.00901115
0.00866361
0.00886047
0.00881204
0.00870007
0.00815324
0.0090638
0.00871606
0.00870306
0.00824069
0.00842142
0.00754002
0.00769522
0.00745512
0.00733614
0.00752027
0.00791557
0.00800416
0.00758671
0.00741017
0.00817048
0.00766048
0.00754303
0.00825714
0.00784683
0.00758343
0.00752233
0.00813949
0.0078599
0.00732174
0.00774717
0.00767304
0.00831357
0.00722997
0.00704858
0.00693376
0.00706599
0.00667462
0.00645478
0.00680801
0.00681581
0.0071085
0.00651045
0.00753431
0.00737205
0.00739501
0.00791951
0.00861535
0.00724977
0.00772156
0.00798314
0.0080308
