0.00208307
0.00293494
0.00117408
0.00138371
0.0014699
0.00133564
0.00131741
0.00119051
0.00121637
0.00171571
0.00117341
0.00117744
0.0013009
0.00119665
0.00136049
0.00135912
0.00147106
0.00125136
0.00194631
0.00120396
0.00134619
0.00133352
0.00144051
0.00172958
0.00152888
0.00132183
0.00147988
0.00147462
0.00164586
0.00134395
0.00174557
0.0018235
0.00168521
0.00158241
0.00136218
0.00150648
0.00135705
0.00240179
0.00159627
0.00119238
0.00137626
0.00217081
0.0016675
0.0011254
0.00140579
0.00122711
0.00133756
0.00120331
0.00133626
0.00149028
0.00132777
0.00115639
0.00139112
0.00106005
0.00102937
0.00114168
0.00175219
0.00114688
0.00108588
0.00105935
0.00138158
0.00110221
0.00159144
0.00113349
0.00119988
0.00108241
0.00115328
0.00109991
0.00155073
0.00148938
0.00112822
0.0015842
0.00151886
0.0013019
0.00124832
0.00191217
0.0014376
0.00165074
0.00126851
0.00115915
0.00163554
0.00108289
0.00130284
0.00162141
0.00221868
0.000998197
