0.00340131
0.00414156
0.00313172
0.0036059
0.00354954
0.00410108
0.00345153
0.00376474
0.00341031
0.00354774
0.00352327
0.00351695
0.00381968
0.00374809
0.00368919
0.003721
0.00414835
0.00399095
0.00378219
0.00352445
0.00354945
0.0035523
0.00335095
0.00355285
0.00350422
0.00397696
0.00333503
0.00472231
0.00337953
0.00347218
0.00326865
0.00388685
0.00377234
0.00358549
0.00336875
0.00342287
0.00353485
0.00348771
0.00339855
0.00347789
0.00338294
0.00373118
0.00358119
0.00354467
0.00348446
0.00355014
0.00329834
0.00366078
0.00347574
0.0036547
0.00361838
0.00345096
0.00403345
0.003388
0.00331524
0.0033913
0.00395058
0.00331894
0.00322508
0.00317778
0.00305988
0.00285375
0.0029312
0.00293487
0.00282152
0.00275431
0.00299834
0.00287441
0.00278991
0.00294159
0.00304624
0.00278432
0.00288269
0.0031425
0.00339679
0.00282095
0.00397466
0.00390887
0.00267145
0.00277969
0.00290426
0.00257916
0.0024607
0.00241792
0.00237104
0.00267876
