0.0136916
0.0139271
0.0145286
0.0149514
0.0141732
0.0145767
0.0135525
0.0135811
0.0141831
0.0180338
0.0144808
0.0138043
0.0148496
0.0155561
0.0180407
0.0143293
0.0149918
0.0151475
0.0138549
0.0143477
0.0140123
0.0187547
0.0181423
0.0141331
0.012464
0.0215082
0.0131768
0.013651
0.0136465
0.0138082
0.0129521
0.0187606
0.0145433
0.0190862
0.013564
0.0122907
0.0136063
0.012556
0.013383
0.0126011
0.0124654
0.0134503
0.0130529
0.0131
0.0125882
0.0122127
0.01293
0.0133198
0.0126714
0.0122156
0.0124319
0.0123072
0.0138191
0.0122206
0.0147486
0.0149611
0.0136834
0.0155037
0.0115045
0.0147763
0.0114717
0.0115262
0.0119005
0.0112554
0.0150569
0.0112134
0.0114825
0.0123464
0.0117546
0.0118742
0.0113379
0.012267
0.0117649
0.0118902
0.0125162
0.012012
0.0127092
0.0120745
0.011874
0.012491
0.0128553
0.0115807
0.0125392
0.0123932
0.0120338
0.0120608
