0.0107085
0.00902535
0.00841564
0.00808379
0.00909219
0.00858167
0.00934502
0.00770697
0.00873796
0.0075269
0.0107285
0.0102255
0.0114849
0.00746504
0.00861448
0.00736727
0.00955115
0.0104269
0.0101011
0.0102848
0.00751878
0.00743986
0.00700266
0.00745712
0.00748931
0.00687042
0.00657663
0.00963818
0.00698537
0.00853326
0.00573669
0.00590422
0.00539857
0.00587442
0.00538081
0.00488385
0.00646532
0.00462991
0.00539966
0.00651287
0.00650227
0.00461121
0.00446667
0.00436953
0.00428345
0.00427371
0.00465124
0.00487711
0.00479392
0.00412575
0.00467062
0.00426831
0.00398008
0.00537925
0.00476217
0.00492896
0.00496399
0.00458874
0.00453113
0.00490277
0.00568596
0.00522649
0.00569124
0.00537303
0.00598449
0.00578
0.00584954
0.00628169
0.00688459
0.00688901
0.00712916
0.00781496
0.00721326
0.00841897
0.00807926
0.00847133
0.00796789
0.00866195
0.00873493
0.0082883
0.00889762
0.00913821
0.0105787
0.00983118
0.0102205
0.0104669
0.0107575
0.0107538
0.012287
0.0117906
0.0119549
0.011844
0.0121396
0.0117536
0.0120199
0.0115202
0.0109267
0.0105103
0.0101784
0.0100788
0.010517
0.00969574
0.00955415
0.0088173
0.00925766
0.00964222
0.00861079
0.0086132
0.00814461
0.00839983
0.00875975
0.00837635
0.00852901
0.00819855
0.00835618
0.00846851
0.00841589
0.00847748
0.00818085
0.00839724
0.00802283
0.00929934
0.00836162
0.00857391
0.00962344
0.00849217
0.00819962
0.00937413
0.0086263
0.00979799
0.00857814
0.00855874
0.00922996
0.00954215
0.00929735
0.00921408
0.00904461
0.0092287
0.00897648
0.00916791
0.00938394
0.00988297
0.00931483
0.00979768
0.00968959
0.00943617
0.00943641
0.00971057
0.00963921
0.00986782
0.0108835
0.0100235
0.0107763
0.0104171
0.0106692
0.0113568
0.0113981
0.012355
0.0133924
0.0131049
0.015941
0.0143687
0.0141348
0.013893
0.0140369
0.013542
0.0136357
0.0147014
0.0154649
0.0139304
0.0135653
0.0138153
0.012522
0.012239
0.0119682
0.0160564
0.014981
0.0130286
0.0128814
0.012113
0.0144658
0.0129506
0.0135607
0.0132644
0.0125753
0.0157627
0.0131592
0.0129595
0.0127528
0.0128858
0.0135163
0.0131435
0.012202
0.0120098
0.0122189
0.0120324
0.011725
0.0119591
0.011448
0.0120673
0.0121073
0.0126194
0.0127877
0.0122028
0.0118224
0.0126351
0.0136533
0.0118976
0.012548
0.012693
0.0121303
0.0121093
0.0122469
0.0116952
0.0112443
0.0107057
0.013577
0.0114799
0.0116971
0.0116398
0.0119409
0.0118867
0.0113592
0.0121969
0.0114874
0.0110309
0.0119271
0.0117385
0.0118617
0.0117066
0.0117357
0.0117366
0.0119801
0.0117485
0.0120523
0.01144
0.0119157
0.0121682
0.0115724
0.0114324
0.0124144
0.0134429
0.0130078
0.0119784
0.0124422
0.0118364
0.0126898
0.0118785
0.0117323
0.0124867
0.0125337
0.0118899
0.0125801
0.0126327
0.0136443
0.0127357
0.0125438
0.0125251
0.0128896
0.0119926
0.01208
0.0117812
0.0120007
0.0121246
0.0122827
0.0129897
0.0116299
0.0123769
0.012473
0.0121243
0.0120525
0.0120878
0.0124983
0.0120501
0.0124762
0.0125987
0.0115133
0.0120822
0.0121019
0.0129796
0.0120659
0.012331
0.0123039
0.0118924
0.0120528
0.0117679
0.0115358
0.012458
0.0124797
0.0125559
0.0125073
0.0119618
0.0119054
0.0120036
0.0128522
0.0123291
0.0120354
0.0120999
0.0121251
0.0119503
0.0123011
0.0124803
0.0127634
0.013023
0.0124591
0.0130179
0.0123407
0.0124954
0.0125346
0.0125738
0.0128141
0.0134083
0.0126294
0.012332
0.0133419
0.013114
0.012335
0.0126244
0.0130736
0.012822
0.0126719
0.0125418
0.012451
0.0131997
0.0126384
0.0171147
0.0125628
0.0125384
0.0129465
0.0126783
0.0125371
0.0123268
0.0124348
0.0122576
0.0123804
0.0122837
0.0121735
0.0137116
0.0124922
0.0140863
0.0129829
0.0134823
0.0132303
0.0126424
0.0130502
0.0126482
0.0124685
0.0120283
0.0133694
0.0126894
0.0130045
0.0128564
0.0131316
0.012577
0.0135061
0.0128091
0.0123241
0.0139409
0.0127188
0.0126541
0.0129336
0.0125127
0.012465
0.0125861
0.0128737
0.0124534
0.0127303
0.0118044
0.0134622
0.011992
0.0124398
0.0132279
0.0127989
0.0122996
0.0123201
0.0127653
0.0119464
0.0120721
0.012101
0.0129697
0.0121791
0.0119055
0.0119725
0.0118954
0.0125875
0.0127857
0.012976
0.0129384
0.0125786
0.0131106
0.0124218
0.012077
0.01265
0.0131653
0.0122856
0.0137569
0.0130805
0.0171241
0.0158604
0.0131892
0.0127745
0.0134716
0.0128182
0.0122723
0.0130205
0.0161828
0.0148359
0.0128966
0.0125745
0.0127823
0.0125095
0.0130416
0.0127359
0.0127511
0.0131736
0.0135901
0.0129825
0.0152037
0.0119884
0.0134936
0.013626
0.0145502
0.0128704
0.0147266
0.0123274
0.0126492
0.0123477
0.0124675
0.0126051
0.0136413
0.0123814
0.0127727
0.0161096
0.0129796
0.0123858
0.0128211
0.0125701
0.0127731
0.0115187
0.0118737
0.0119839
0.0124954
0.0117053
0.0122468
0.0116214
0.011612
0.011753
0.0126814
0.0123315
0.0118356
0.0119239
0.0120515
0.0120261
0.0125422
0.011918
0.0121011
0.0118417
0.0118551
0.0115227
0.012998
0.0125059
0.0122476
0.0121832
0.0113527
0.0115571
0.0119348
0.0115428
0.0119713
0.0110801
0.0110331
0.010992
0.011364
0.0109023
0.011111
0.0104564
0.0103018
0.0122238
0.0104853
0.0106256
0.0103243
0.0103343
0.00994883
0.0096578
0.00939414
0.0097992
0.00974123
0.00902718
0.00908233
0.0091642
0.00882772
0.00979051
0.0089554
0.00864567
0.0090476
0.00812232
0.00867037
0.00914439
0.0084954
0.00829803
0.00756988
0.00758954
0.00772369
0.00751279
0.00719601
0.00665885
0.00741406
0.00633783
0.00662471
0.00667186
0.00680187
0.00810461
0.00707977
0.00752295
0.00762561
0.00702701
0.00726275
0.00737677
0.00735237
0.00770429
0.00816702
0.00752701
0.00725025
0.00715107
0.0072978
0.00734674
0.00836694
0.00745446
0.00833884
0.00785457
0.00781802
0.00919561
0.00888637
0.0086382
0.00964165
0.00963549
0.00972421
0.0103476
0.00983693
0.00958454
0.00992227
0.00899505
0.00935721
0.00825511
0.008492
0.00818907
0.00847104
0.00808524
0.00916915
0.00791946
0.00765213
0.00763063
0.00784232
0.00795205
0.00788389
0.00800838
0.00865508
0.00799293
0.007553
0.00915388
0.00800244
0.00752615
0.0110209
0.0101437
0.00837559
0.00849283
0.00870326
0.00838723
0.00848728
0.0124989
0.012532
0.00913912
0.0128231
0.00969075
0.0107869
0.0100961
0.00908234
0.00958967
0.00940995
0.00915808
0.00929949
0.009915
0.0101239
0.012463
0.01023
0.0103894
0.00983222
0.0101777
0.00979814
0.00983173
0.0104203
0.00963111
0.00951029
0.00932595
0.0101033
0.00967571
0.00985606
0.0104588
0.0094186
0.00972073
0.0112514
0.0142351
0.0102626
0.00974327
0.0106911
0.00992944
0.0137535
0.00991209
0.0108159
0.010015
0.0101131
0.0099319
0.0118025
0.0126653
0.011017
0.0114431
0.0113831
0.0101168
0.0111784
0.00992842
0.0106017
0.0103419
0.0102745
0.0105724
0.0102843
0.00993015
0.0102746
0.0101798
0.0101376
0.00997875
0.0102601
0.0101636
0.00979088
0.0147631
0.0100669
0.0101417
0.0099748
0.00995076
0.00993727
0.00969344
0.0097834
0.00964703
0.00949151
0.00946262
0.00947978
0.0094584
0.00971759
0.00998475
0.00979719
0.00977002
0.00890817
0.00893336
0.00887179
0.00894914
0.00932636
0.00916017
0.00958609
0.0102485
0.00998328
0.00937403
0.00979722
0.0100372
0.00981162
0.0105724
0.0106166
0.00998568
0.010887
0.0098208
0.0101697
0.00972574
0.00989097
0.0101206
0.0105999
0.0105047
0.0105801
0.0100233
0.010852
0.0104453
0.0100499
0.0100405
0.0110402
0.00995515
0.0103354
0.00942752
0.0106483
0.00961741
0.0104864
0.0102053
0.00997974
0.00952568
0.00993189
0.0100865
0.0103822
0.00992572
0.0103338
0.0103069
0.01034
0.00998187
0.0107921
0.0105344
0.0102659
0.0115503
0.0105278
0.0105236
0.01106
0.010643
0.0106577
0.0108098
0.0101894
0.0103232
0.00985684
0.00986854
0.00985966
0.00936377
0.0104531
0.00946382
0.00973612
0.00922538
0.00904118
0.00918359
0.00970693
0.00906133
0.0100713
0.00902521
0.00863958
0.00906099
0.00896238
0.00913817
0.00893264
0.00898916
0.00912586
0.00853299
0.00912863
0.0086959
0.00929779
0.008748
0.00898872
0.00952757
0.00974025
0.00893415
0.00968261
0.00843752
0.00913111
0.00850984
0.00928317
0.00832743
0.00844716
0.00848268
0.0086064
0.00858383
0.00854559
0.00839041
0.0102512
0.007766
0.00881495
0.008986
0.00701736
0.00788396
0.00713165
0.00783477
0.00716937
0.0075613
0.00713848
0.00791132
0.00680141
0.00710903
0.00709075
0.00627508
0.00680149
0.00651304
0.00596532
0.00591527
0.00567111
0.00517783
0.0061867
0.00524589
0.00463621
0.00460582
0.00464331
0.00580342
0.00442337
0.00410205
0.00409635
0.0042989
0.00411131
0.00427983
0.00512128
0.00418292
0.00415725
0.00693059
0.00430236
0.00531921
0.00453259
0.00411214
0.00456188
0.00493708
0.00429749
0.00471776
0.00566069
0.00423527
0.00394393
0.00410657
0.00434846
0.00492528
0.00481245
0.00455705
0.00461327
0.00436218
0.00485185
0.0053093
0.00545147
0.00543381
0.00553268
0.00510807
0.00775702
0.00589331
0.00541092
0.00618715
0.00608559
0.00607197
0.005874
0.00623313
0.00578097
0.00615753
0.0062932
0.00619227
0.0068397
0.00625316
0.00677382
0.00652054
0.0066959
0.00651638
0.00644753
0.00617947
0.00717063
0.00590594
0.0071099
0.00669374
0.00584456
0.00632744
0.00640719
0.00600461
0.00614772
0.00682952
0.00684775
0.00596512
0.0069542
0.00644554
0.00699673
0.00613923
0.00744518
0.00630163
0.00775753
0.0060385
0.00711493
0.00610443
0.00860968
0.00630217
0.00635012
0.00668819
0.0069335
0.00779235
0.00669978
0.00672243
0.00718094
0.00698599
0.00746054
0.00664804
0.00729942
0.00657547
0.00688802
0.00742539
0.00747783
0.00694139
0.00737232
0.00865591
0.00776142
0.00772959
0.00778329
0.00763522
0.00762594
0.00857992
0.00775873
0.00818876
0.00836205
0.00860958
0.00933833
0.00908402
0.0100265
0.00973605
0.0112132
0.0115125
0.0110383
0.0132834
0.0121911
0.0101621
0.0105208
0.0102962
0.0103444
0.00994787
0.00960854
0.0106235
0.00971058
0.0094338
0.00942873
0.00898754
0.00891231
0.00887864
0.00863491
0.00922036
0.00837067
0.00829252
0.00812753
0.00808567
0.00829357
0.00868317
0.00872514
0.0101367
0.00768412
0.00772232
0.00785319
0.00792639
0.00877197
0.00884436
0.00822543
0.0080543
0.00852119
0.00834666
0.00930338
0.00929023
0.00896334
0.00896472
0.00879378
0.00887122
0.0119178
0.00815495
0.0104086
0.0101382
0.00892376
0.00907332
0.00880075
0.00945749
0.00850255
0.00933733
0.00889177
0.00878087
0.00925548
0.00890327
0.00982396
0.0125512
0.0097297
0.00952711
0.00933929
0.00975438
0.00934896
0.00944012
0.0097297
0.00983857
0.00943665
0.010129
0.00982536
0.0100942
0.0100083
0.00992698
0.00961498
0.0115595
0.00993135
0.0103108
0.00968136
0.00943321
0.0104705
0.0108432
0.011062
0.0100211
0.011483
0.0124758
0.0135932
0.0102072
0.0101548
0.0106774
0.00950966
0.00875236
0.0093845
0.00895718
0.00952265
0.00969498
0.00873565
0.00888139
0.00911447
0.00903602
0.00879542
0.00911458
0.0103469
0.00976841
0.00886428
0.0102364
0.00992134
0.00904956
0.00878948
0.00922902
0.0092559
0.00886013
0.00996506
0.00881683
0.0093302
0.00898018
0.00895191
0.00940639
0.0124296
0.00881053
0.0114538
0.00909388
0.00945082
0.00911249
0.00858134
0.00904531
0.00962793
0.00981357
0.00917746
0.00892056
0.00919671
0.00945171
0.00944301
0.00851081
0.0101177
0.00894337
0.00884309
0.0101827
0.012367
0.00896835
0.0092112
0.00971004
0.00960307
0.0109572
0.0106052
0.0104678
0.0108766
0.0103092
0.0107725
0.00957102
0.009956
0.0103239
0.00901378
0.0104621
0.0109159
0.00824448
0.00875704
0.0111369
0.00906447
0.00994155
0.0105925
0.00824446
0.00824609
0.00840394
0.00940019
0.00902664
0.00861106
0.00876187
0.00873882
0.00771999
0.00894295
0.00858008
0.00827112
0.0085787
0.00862219
0.00784469
0.00804195
0.00827297
0.00774587
0.00823129
0.00811189
0.00753795
0.0072009
0.0068522
0.00708648
0.00706026
0.00713027
0.00801395
0.00696295
0.00714492
0.00762997
0.00732798
0.00823088
0.00757311
0.00735545
0.00706667
0.00744391
0.00731768
0.00719649
0.00704636
0.00822726
0.00850689
0.00948948
0.0073353
0.0076628
0.00716894
0.00688416
0.00700449
0.007711
0.00673757
0.00745553
0.00705917
0.00780335
0.00658071
0.00657163
0.00642116
0.0071017
0.00663721
0.00691891
0.00750734
0.00844593
0.00863042
0.00677936
0.00635518
0.00663263
0.00667581
0.00616959
0.00692819
0.00663896
0.00614344
0.00625228
0.00653252
0.00622727
0.00773781
0.00646522
0.00577908
0.00699856
0.00606093
0.00643614
0.00635476
0.00625269
0.00726126
0.00668674
0.00667522
0.010099
0.00660058
0.00646809
0.00656461
0.00657711
0.00658095
0.00674016
0.00641971
0.006696
0.00705356
0.00697846
0.00707365
0.00662537
0.00861306
0.00712027
0.00620137
0.00633373
0.00604581
0.00630016
0.00643624
0.00664563
0.00668459
0.00718375
0.00672678
0.00668647
0.00678649
0.00717297
0.00617963
0.00619269
0.00608803
0.0056579
0.00625268
0.00605853
0.00555077
0.00615039
0.00621278
0.00613699
0.00630575
0.00637883
0.00707074
0.00606251
0.00599229
0.00572427
0.00664506
0.0060213
0.0058687
0.00625075
0.00554739
0.00666737
0.00654487
0.00578329
0.0060079
0.00602059
0.00591691
0.00620265
0.00554395
0.0060771
0.0063082
0.00601291
0.00580136
0.00604234
0.00656698
0.0054661
0.00572947
0.00626533
0.0069064
0.00685586
0.0067934
0.0068075
0.0061775
0.00650013
0.00767701
0.00681707
0.00862659
0.00764037
0.00724387
0.00731865
0.00876817
0.0086967
0.00716347
0.0101148
0.00806213
0.00924664
0.00971945
0.00946679
0.0099749
0.00986439
0.0100817
0.0104096
0.0113524
0.00997666
0.00976231
0.010565
0.00960612
0.0132485
0.0101331
0.0105701
0.0101649
0.0103839
0.0108154
0.0103538
0.00994649
0.0110408
0.0139148
0.011078
0.0136707
0.011954
0.0130191
0.0149341
0.011744
0.0114528
0.0119978
0.0111976
0.0113792
0.0123096
0.011565
0.013971
0.0125754
0.011963
0.0121082
0.0147445
0.0116566
0.0125982
0.0119403
0.0119381
0.0115013
0.0116104
0.0106938
0.0115459
0.0118286
0.0110191
0.0113845
0.0122592
0.0113841
0.0111867
0.0113881
0.011117
0.0118191
0.0121786
0.0106629
0.0114754
0.0105238
0.0109074
0.0140689
0.0125202
0.0104348
0.0108366
0.011026
0.0102278
0.00960398
0.00998554
0.0100099
0.011096
0.0102242
0.00989537
0.00843534
0.00823727
0.00790379
0.00839491
0.00755313
0.00924746
0.00775592
0.00831676
0.00723482
0.00784344
0.00763925
0.00912981
0.00747239
0.00875963
0.00730684
0.00827916
0.00743009
0.00679974
0.00678632
0.00877979
0.00751417
0.00743149
0.0076527
0.00717752
0.00689462
0.00675316
0.00679551
0.00741323
0.00680326
0.00646374
0.00701992
0.00708052
0.00703463
0.00710459
0.00776358
0.00827063
0.00759373
0.00799794
0.00770017
0.0085978
0.0079195
0.00844392
0.00880989
0.00825982
0.00832992
0.00749739
0.00816481
0.00760745
0.00714849
0.00748269
0.00721706
0.00703245
0.00732583
0.00717707
0.00649958
0.00731884
0.0063264
0.00695177
0.00757813
0.0069398
0.00731812
0.00763565
0.00903399
0.0101987
0.00938508
0.00716859
0.00660832
0.00694333
0.00637763
0.00698522
0.00951871
0.00725125
0.0106118
0.00745933
0.00724338
0.00758829
0.00716317
0.00744544
0.00911963
0.008176
0.00809479
0.00776684
0.00800686
0.00853007
0.0084842
0.00840233
0.00829897
0.00903004
0.00799753
0.0104045
0.010477
0.0126012
0.0082792
0.00851241
0.00950127
0.00992278
0.00908141
0.00886993
0.00857065
0.00899127
0.00869966
0.00941047
0.0087739
0.00894432
0.00906036
0.00808884
0.0114522
0.00950634
0.0108615
0.00927938
0.0100889
0.00902489
0.00954536
0.00970252
0.0106767
0.00999635
0.0114412
0.010367
0.00965582
0.0112426
0.0102464
0.00986358
0.0100435
0.0101003
0.0113081
0.0113082
0.0101254
0.0104377
0.010174
0.0113998
0.010213
0.00961566
0.00946394
0.00946237
0.0107746
0.00979101
0.0101217
0.00936401
0.00903481
0.0106891
0.0106687
0.0104715
0.0101194
0.009635
0.0112519
0.00944066
0.0100188
0.00976689
0.0111766
0.00922972
0.00938162
0.00960647
0.0097463
0.0114381
0.00985335
0.0116759
0.0107062
0.0102564
0.0115007
0.010292
0.0102314
0.00988796
0.0117329
0.0139178
0.0102013
0.0106019
0.0102148
0.0101015
0.0100901
0.00984504
0.00989006
0.0101898
0.0101842
0.010608
0.00939655
0.00931239
0.00916853
0.011455
0.00953695
0.00887391
0.00947693
0.010422
0.00851919
0.00857899
0.00898494
0.00889981
0.0104226
0.0108532
0.0104352
0.00955366
0.00886606
0.0086982
0.00880175
0.00883437
0.00898554
0.00933189
0.00888366
0.00901599
0.0087737
0.00844277
0.00885278
0.00927109
0.00933252
0.0104955
0.0103758
0.00906316
0.0116451
0.0087951
0.00923119
0.00879591
0.00900321
0.00921847
0.00975659
0.0100996
0.00873714
0.00858826
0.0086213
0.0088213
0.00833072
0.0088095
0.00869653
0.00908694
0.00898157
0.00918784
0.00921454
0.00879646
0.00929107
0.0114575
0.0084533
0.008807
0.0112813
0.00938964
0.0089221
0.00894729
0.00873998
0.00880452
0.0107712
0.00875712
0.00879902
0.00902165
0.00878837
0.00885069
0.0086815
0.00922403
0.00868711
0.00907718
0.00886271
0.00838488
0.0113932
0.0088364
0.00873534
0.00923978
0.00865434
0.00946605
0.00852315
0.00991552
0.00867872
0.00829386
0.00972542
0.0106246
0.00850194
0.0125038
0.00840219
0.00845183
0.0090974
0.00870319
0.00832846
0.00859913
0.00798375
0.00822379
0.00866666
0.00808905
0.00774753
0.00790171
0.00728322
0.00843654
0.00752362
0.00780588
0.0071411
0.00733255
0.00771223
0.00699111
0.00819608
0.00711398
0.00682546
0.00748319
0.0069147
0.00763505
0.00784733
0.00749366
0.00782431
0.00748262
0.00737575
0.00781562
0.00739132
0.0075899
0.00721792
0.00763103
0.00755546
0.00920801
0.00763748
0.00781957
0.00712894
0.0065797
0.00678177
0.0065473
0.00618379
0.00678124
0.00614549
0.00612924
0.00570126
0.00566421
0.00550238
0.00590606
0.00569869
0.00555572
0.00772018
0.007176
0.00747442
0.0069508
0.0073413
0.005124
0.00724548
0.00508709
0.00586318
0.00565923
0.00466494
0.00510731
0.00492996
0.00488777
0.00469174
0.00509562
0.00473785
0.00481611
0.004649
0.00468892
0.0048452
0.00470097
0.00502743
0.00508545
0.00518739
0.00666294
0.00498531
0.00510469
0.00513275
0.00479931
0.00672828
0.00476897
0.00448013
0.00502908
0.00474816
0.00478089
0.00453182
0.00507919
0.00492038
0.00494558
0.00447382
0.00457565
0.00464018
0.00457578
0.00539271
0.00461442
0.00479348
0.00546111
0.00503501
0.00534974
0.00601438
0.00545649
0.00530931
0.00582957
0.00557593
0.00566574
0.00582447
0.0057824
0.0053034
0.00553024
0.00573962
0.00617925
0.00701406
0.00692195
0.00770366
0.00686387
0.00631395
0.00615511
0.0064329
0.00712808
0.00669913
0.0066363
0.00662431
0.00690696
0.00855695
0.00774176
0.00756391
0.00746623
0.00796964
0.00782229
0.00778241
0.00880218
0.00875681
0.00974958
0.00916661
0.00918389
0.00902383
0.0097898
0.00952529
0.0094545
0.00927053
0.00968191
0.00937811
0.0093345
0.0096
0.0105411
0.00975916
0.010511
0.0101823
0.0100675
0.00928276
0.00922156
0.00997039
0.00963171
0.0100669
0.00947182
0.010097
0.0101258
0.00956845
0.00991912
0.00933038
0.00959264
0.00925613
0.00955582
0.00909373
0.00908611
0.00911202
0.00934375
0.00907427
0.00981402
0.00897155
0.00994391
0.0096656
0.0106621
0.0104637
0.0100762
0.011203
0.0112409
0.012191
0.0109979
0.011738
0.0113345
0.0112814
0.0115588
0.0120996
0.0123211
0.0118481
0.0112491
0.0112667
0.0114636
0.0106269
0.0102928
0.0106967
0.0104133
0.0109491
0.010535
0.0104623
0.0104135
0.0103914
0.0101663
0.0101597
0.00997821
0.00989276
0.00976289
0.00972162
0.00941212
0.00926428
0.00907682
0.00884178
0.00906005
0.00878584
0.00879021
0.00876123
0.00925216
0.00914088
0.0086877
0.00940666
0.0102901
0.0108126
0.00824283
0.0113824
0.00840132
0.00859523
0.00851543
0.0078986
0.00927211
0.00840184
0.0083238
0.00840302
0.00888752
0.00806055
0.00888793
0.00848551
0.0090351
0.00930973
0.00926512
0.00928887
0.00901727
0.00912844
0.00931188
0.00987515
0.010301
0.00920683
0.00969413
0.0106654
0.010261
0.00983741
0.00954159
0.0101374
0.00983393
0.00973537
0.00955392
0.00926182
0.00941295
0.00897554
0.0090852
0.00961262
0.00901741
0.00900296
0.00900366
0.00907639
0.00887246
0.00882516
0.0112826
0.00827177
0.00864285
0.00814917
0.00836062
0.00882656
0.00843757
0.00787596
0.00833241
0.00791252
0.00875623
0.00824559
0.00802422
0.0082324
0.00872952
0.00823444
0.00836327
0.00817457
0.00822723
0.00879653
0.00868648
0.00870571
0.00857416
0.00944461
0.00947878
0.0100107
0.00990423
0.0100634
0.0127237
0.00974435
0.0117815
0.0101427
0.0103476
0.0103026
0.0115981
0.0128909
0.0111868
0.0107178
0.0105703
0.0116038
0.0119139
0.0121832
0.0114659
0.0136744
0.0117066
0.0110484
0.0107081
0.0113978
0.0114665
0.0118015
0.0107424
0.0111952
0.0111859
0.0118262
0.0110681
0.0118585
0.0117642
0.0127187
0.0123616
0.0119767
0.011394
0.0116036
0.0114957
0.0112872
0.0105163
0.0136217
0.00945974
0.00920636
0.00914592
0.00911796
0.00975753
0.00876143
0.00823986
0.00880367
0.00778473
0.0090929
0.00716988
0.00777385
0.00656087
0.00629499
0.0061615
0.0062644
0.0058405
0.00600642
0.00584484
0.00544957
0.00650901
0.00572983
0.005791
0.0060275
0.00589414
0.00624213
0.00715257
0.00723933
0.00683271
0.00814798
0.00786489
0.00842613
0.00930991
0.0100625
0.010423
0.00950688
0.00905957
0.00874766
0.0111702
0.00809908
0.00868446
0.0101157
0.00846295
0.00983102
0.0101245
0.00893361
0.009756
0.0100517
0.0095706
0.0106044
0.0107212
0.010184
0.0107934
0.0110525
0.0117066
0.0120985
0.0117755
0.0112077
0.0114315
0.0115651
0.0113475
0.0121742
0.0127002
0.0137285
0.0152555
0.0155244
0.0157896
0.0150059
0.0118211
0.011954
0.0112405
0.011465
0.0109509
0.0114857
0.0109381
0.0114204
0.0104811
0.0103946
0.0114538
0.010406
0.0117513
0.0105621
0.0105288
0.0110901
0.0106187
0.0110228
0.0107453
0.0109547
0.0115508
0.0110447
0.0114286
0.012747
0.0122258
0.0119002
0.0115862
0.0123458
0.0120569
0.0127194
0.0126272
0.0159066
0.0135858
0.0121367
0.0132915
0.0151602
0.0138577
0.0148617
0.0123371
0.013105
0.0132763
0.0136961
0.0129197
0.0132445
0.0133381
0.0120485
0.0123186
0.0137031
0.0120165
0.0141934
0.0121344
0.0117388
0.012798
0.012029
0.0129933
0.0128963
0.0119816
0.0124009
0.0117935
0.0121424
0.0124309
0.0123264
0.0127248
0.0116624
0.0120837
0.0117704
0.0115213
0.0115624
0.0117133
0.0120233
0.0124574
0.0122296
0.0125989
0.0122325
0.0128611
0.0134596
0.0133146
0.0128143
0.0135669
0.0133479
0.0138953
0.0140228
0.0129743
0.0133336
0.0144173
0.0138967
0.0134524
0.0132709
0.0140492
0.0153696
0.0149112
0.0125566
0.0146877
0.0125661
0.0133034
0.0133839
0.0138839
0.0124572
0.0125182
0.0157408
0.0123888
0.0123471
0.0140008
0.0130555
0.0141961
0.0128054
0.0123235
0.012554
0.0111007
0.0118636
0.0117372
0.0170786
0.0109834
0.017328
0.0175745
0.011016
0.0108303
0.0109748
0.0111593
0.0111681
0.0110951
0.0109046
0.0110278
0.0106761
0.0139391
0.0125526
0.0136491
0.01315
0.0121665
0.0112829
0.014529
0.0144287
0.0149376
0.0163393
0.0146837
0.0125562
0.0130133
0.0125294
0.0131952
0.0119107
0.0121641
0.0123689
0.012183
0.0119137
0.01302
0.0123821
0.0130251
0.0132722
0.0127483
0.0124732
0.0128401
0.01233
0.0132569
0.0123805
0.0134314
0.0140619
0.0131824
0.0119665
0.0117566
0.0120984
0.0119794
0.0112542
0.0118409
0.0116155
0.0106702
0.0105397
0.0102259
0.0119423
0.0106272
0.0102546
0.0107172
0.0106126
0.0106671
0.0109512
0.0114467
0.011426
0.0112312
0.0119368
0.011538
0.0118628
0.0124804
0.0122738
