0.00341559
0.00344972
0.00350682
0.00348064
0.00353198
0.00363911
0.00340072
0.00342937
0.00343557
0.00333011
0.00334506
0.00321545
0.00332628
0.00312899
0.00310479
0.00307388
0.0030302
0.00290025
0.00297046
0.00302283
0.00279153
0.00278881
0.00278036
0.00272587
0.00279298
0.00277296
0.00269366
0.0027356
0.00272973
0.00267215
0.00271309
0.00272211
0.00273422
0.00261317
0.00263045
0.00260427
0.00259458
0.00259342
0.00264209
0.00270877
0.00255696
0.00264526
0.00256241
0.00277894
0.00263368
0.00267095
0.00263488
0.00255882
0.00257379
0.00264418
0.00258957
0.00269745
0.00258731
0.00256228
0.00264265
0.00256922
0.00256285
0.00254524
0.00254216
0.00253495
0.00258173
0.00264455
0.00258111
0.00261912
0.00259858
0.00262135
0.00265445
0.00254579
0.00253749
0.00257757
0.00257901
0.00271779
0.00267574
0.00259996
0.00278324
0.00272296
0.00263386
0.00272402
0.00261314
0.00268426
0.00267792
0.00282219
0.00285514
0.00287662
0.00287119
0.00287554
0.00294115
0.00272598
0.00279699
0.00297582
0.00282273
0.00279765
0.00285012
0.00301362
0.00283959
0.00297363
0.00290114
0.00285408
0.00290184
0.00289473
0.00284268
0.00287625
0.00293461
0.00288707
0.00293651
0.00298007
0.0029283
0.0030508
0.00290841
0.00285741
0.00294599
0.00289712
0.00299439
0.0031927
0.00292477
0.00300462
0.00299696
0.00301753
0.00290338
0.00304747
0.00306888
0.00298412
0.00315376
0.00307808
0.00307011
0.00306879
0.00338357
0.0030731
0.00307374
0.00308657
0.00342249
0.00305487
0.0031277
0.00314883
0.00313443
0.00305104
0.00304796
0.00302351
0.00332003
0.00298609
0.00308174
0.00299974
0.00308844
0.00300631
0.00291688
0.0030164
0.00292577
0.00293319
0.00298055
0.00286258
0.00290335
0.00294178
0.00285552
0.00354209
0.00299347
0.00272484
