integration : 3.68813e-06
crophdmap : 0
tracking : 0.000311605
transform : 0
correction : 0
