integration : 1.26399e-05
crophdmap : 0
tracking : 0.00102258
transform : 6.14072e-06
correction : 0
