integration : 4.47559e-05
crophdmap : 0
tracking : 0.00128273
transform : 8.26608e-06
correction : 0
