integration : 4.70942e-05
crophdmap : 0
tracking : 0.00200203
transform : 0
correction : 0
