integration : 9.1586e-06
crophdmap : 0.000272671
tracking : 8.42497e-05
transform : 2.25541e-06
correction : 2.09343e-06
