integration : 9.47118e-06
crophdmap : 0
tracking : 0.000321828
transform : 0
correction : 0
