integration : 1.85974e-05
crophdmap : 0
tracking : 0.00067704
transform : 0
correction : 0
