integration : 1.12057e-05
crophdmap : 0
tracking : 0.000498417
transform : 0
correction : 4.92482e-06
