integration : 2.34871e-05
crophdmap : 0
tracking : 0.000657336
transform : 0
correction : 0
