1.512e-06
1.009e-06
2.317e-06
2.351e-06
2.388e-06
3.86e-06
2.4e-06
2.348e-06
2.418e-06
2.436e-06
2.197e-06
2.341e-06
3.94e-06
3.509e-06
2.571e-06
2.489e-06
4.132e-06
5.97e-06
2.614e-06
2.54e-06
2.818e-06
3.473e-06
2.356e-06
2.542e-06
2.293e-06
2.335e-06
2.635e-06
2.48e-06
3.103e-06
3.571e-06
5.032e-06
2.692e-06
2.729e-06
4.338e-06
2.715e-06
2.787e-06
3.011e-06
3.36e-06
3.207e-06
3.019e-06
3.314e-06
3.262e-06
3.452e-06
3.202e-06
4.685e-06
3.1e-06
3.196e-06
3.423e-06
3.264e-06
3.342e-06
3.045e-06
3.436e-06
3.309e-06
5.463e-06
4.872e-06
5.209e-06
4.589e-06
3.293e-06
3.645e-06
3.127e-06
5.714e-06
3.303e-06
4.886e-06
3.268e-06
3.21e-06
3.245e-06
3.634e-06
3.761e-06
3.731e-06
3.314e-06
5.039e-06
3.645e-06
3.621e-06
3.601e-06
6.12e-06
5.102e-06
3.262e-06
3.096e-06
3.172e-06
3.496e-06
3.454e-06
3.978e-06
3.878e-06
4.932e-06
3.644e-06
4.315e-06
3.524e-06
5.106e-06
3.615e-06
3.967e-06
3.88e-06
3.712e-06
4.103e-06
3.746e-06
3.921e-06
3.655e-06
4.234e-06
3.805e-06
3.754e-06
3.316e-06
3.59e-06
5.349e-06
3.263e-06
5.359e-06
3.9e-06
4.203e-06
5.768e-06
3.907e-06
4.135e-06
5.562e-06
6.134e-06
4.68e-06
4.62e-06
4.506e-06
7.414e-06
4.5e-06
4.286e-06
5.714e-06
5.859e-06
4.748e-06
4.3e-06
5.069e-06
5.096e-06
4.371e-06
5.057e-06
5.153e-06
5.074e-06
5.188e-06
2.6045e-05
4.974e-06
5.06e-06
4.853e-06
4.849e-06
4.575e-06
4.312e-06
5.995e-06
5.144e-06
4.514e-06
4.895e-06
5.031e-06
4.557e-06
5.017e-06
4.775e-06
4.8e-06
6.932e-06
5.104e-06
5.062e-06
7.073e-06
4.667e-06
5.934e-06
4.076e-06
5.396e-06
4.58e-06
4.561e-06
4.644e-06
4.398e-06
4.933e-06
4.277e-06
4.147e-06
7.093e-06
4.497e-06
4.647e-06
4.555e-06
5.111e-06
4.541e-06
4.668e-06
4.649e-06
4.664e-06
4.97e-06
4.59e-06
4.524e-06
4.583e-06
5.816e-06
6.176e-06
4.502e-06
5.323e-06
5.027e-06
5.523e-06
5.418e-06
5.717e-06
5.056e-06
5.17e-06
4.765e-06
4.501e-06
4.98e-06
5.316e-06
4.539e-06
7.455e-06
4.602e-06
5.274e-06
7.054e-06
4.925e-06
4.927e-06
4.663e-06
4.599e-06
5.276e-06
4.832e-06
4.526e-06
4.832e-06
4.929e-06
5.076e-06
4.69e-06
4.962e-06
5.151e-06
7.41e-06
4.983e-06
5.38e-06
4.487e-06
4.622e-06
4.405e-06
4.377e-06
4.562e-06
6.728e-06
7.023e-06
4.65e-06
4.729e-06
4.827e-06
4.918e-06
4.727e-06
4.948e-06
5.275e-06
4.773e-06
8.053e-06
4.788e-06
4.865e-06
5.765e-06
5.323e-06
5.517e-06
4.908e-06
7.035e-06
4.981e-06
4.872e-06
4.654e-06
4.664e-06
4.588e-06
5.317e-06
4.526e-06
5.232e-06
4.543e-06
4.717e-06
5.693e-06
9.666e-06
4.526e-06
4.198e-06
4.272e-06
5.119e-06
4.697e-06
4.868e-06
4.441e-06
4.616e-06
7.058e-06
5.215e-06
7.869e-06
5.11e-06
5.828e-06
4.615e-06
4.531e-06
4.398e-06
4.384e-06
4.158e-06
4.684e-06
3.65e-06
4.048e-06
7.168e-06
4.946e-06
7.39e-06
8.544e-06
4.774e-06
4.56e-06
5.343e-06
4.835e-06
4.926e-06
4.492e-06
4.757e-06
4.794e-06
4.697e-06
5.151e-06
4.517e-06
4.921e-06
4.055e-06
4.249e-06
5.112e-06
4.812e-06
4.592e-06
6.105e-06
5.438e-06
4.839e-06
4.867e-06
4.239e-06
4.574e-06
4.599e-06
4.435e-06
4.261e-06
4.405e-06
4.527e-06
4.489e-06
4.816e-06
5.057e-06
4.547e-06
4.55e-06
4.513e-06
4.392e-06
5.491e-06
4.603e-06
7.438e-06
7.653e-06
4.418e-06
5.87e-06
4.532e-06
4.611e-06
4.693e-06
5.383e-06
3.805e-06
3.772e-06
4.774e-06
5.307e-06
4.318e-06
7.546e-06
4.729e-06
4.874e-06
4.474e-06
7.656e-06
4.794e-06
5.187e-06
8.072e-06
4.624e-06
4.894e-06
6.887e-06
4.495e-06
4.717e-06
4.787e-06
4.016e-06
4.556e-06
4.337e-06
5.588e-06
3.914e-06
3.998e-06
3.975e-06
4.345e-06
1.1494e-05
4.251e-06
3.966e-06
3.706e-06
4.032e-06
4.554e-06
4.895e-06
6.916e-06
6.152e-06
5.849e-06
3.833e-06
5.605e-06
5.203e-06
5.035e-06
5.989e-06
6.656e-06
1.0915e-05
4.186e-06
4.539e-06
6.637e-06
7.217e-06
4.794e-06
4.544e-06
4.438e-06
4.142e-06
7.209e-06
6.358e-06
3.843e-06
3.61e-06
3.678e-06
4.266e-06
5.858e-06
3.731e-06
