0.000241549
0.000215639
0.000210668
0.00022903
0.000218124
0.000250693
0.000227457
0.000241877
0.000262229
0.000226805
0.000228657
0.000247983
0.000250483
0.000247146
0.000230845
0.000242744
0.00038194
0.000287657
0.000261692
0.000279435
0.000272906
0.000340967
0.000250314
0.000251873
0.000258814
0.000253721
0.00026246
0.000391744
0.00038737
0.000401494
0.000443786
0.000272186
0.000288597
0.000389184
0.00035189
0.00025897
0.000278809
0.000270587
0.000287111
0.000256197
0.000316118
0.000277248
0.000270383
0.000266696
0.000257526
0.000286628
0.000278143
0.000355832
0.000243063
0.00037944
0.000245676
0.000290948
0.000315067
0.000314109
0.000299657
0.000278182
0.000282646
0.000248847
0.000384915
0.000256561
0.00032855
0.000256343
0.000311086
0.000293914
0.000238334
0.000266803
0.000252035
0.000305047
0.000270187
0.000280848
0.000315407
0.000264104
0.000267311
0.000275404
0.000326623
0.000286234
0.000253119
0.000235937
0.000234699
0.000266011
0.000267298
0.000250289
0.000294328
0.000268327
0.000251794
0.000277743
0.000250433
0.000294576
0.000245139
0.000238376
0.000233325
0.000300908
0.000260917
0.000243754
0.000254736
0.000244351
0.000246836
0.000296263
0.000262235
0.000255761
0.000263258
0.00032843
0.000311334
0.000284198
0.000308813
0.000235619
0.00026397
0.000240486
0.00024128
0.000334215
0.000271826
0.000249585
0.000254074
0.000251671
0.000250587
0.000244838
0.000250778
0.000258096
0.000253172
0.000252007
0.00027477
0.000241481
0.000261915
0.000257697
0.000257402
0.000234258
0.000268533
0.00033159
0.000253018
0.000233315
0.000304514
0.000249379
0.000233544
0.000254128
0.000233205
0.000285275
0.000267065
0.000266645
0.000250781
0.000247169
0.0002646
0.000258852
0.000245068
0.000254727
0.000283583
0.000250418
0.000249
0.000232874
0.000236566
0.000279415
0.000253023
0.000261344
0.000229162
0.000270042
0.000264542
0.000257876
0.000277988
0.000283713
0.000271935
0.000288524
0.00034085
0.000271746
0.000390225
0.000366379
0.000232028
0.000236987
0.000238537
0.000288221
0.000291803
0.000323987
0.000305981
0.000313162
0.000299079
0.000257105
0.000256998
0.000290488
0.000256188
0.000259274
0.000349801
0.000337677
0.000246457
0.00039001
0.000268902
0.000244235
0.000244539
0.000267147
0.000347473
0.00028865
0.000281531
0.000308796
0.000284052
0.000284737
0.000260267
0.000269917
0.000244697
0.000300175
0.000265705
0.000279783
0.000296977
0.000270135
0.000247985
0.000258878
0.000249257
0.000265125
0.00037839
0.000242491
0.000243497
0.000248818
0.000252394
0.000249483
0.000245775
0.000268608
0.000375667
0.000301401
0.000249204
0.000308688
0.000252813
0.000345275
0.000275031
0.000256094
0.000263794
0.000274703
0.000247906
0.000272288
0.000253797
0.000404486
0.000400699
0.000283012
0.000260449
0.000247578
0.000253663
0.000254726
0.000249181
0.000267083
0.000243895
0.000249891
0.000366593
0.000292336
0.000334344
0.000243764
0.000251323
0.000277976
0.000246888
0.000290836
0.000271438
0.000367466
0.000245397
0.000257417
0.000292918
0.000363444
0.00024559
0.000252793
0.00024464
0.00031825
0.000315655
0.000254377
0.000386984
0.000293681
0.000243745
0.000460088
0.000246911
0.000247218
0.000244837
0.000305377
0.000279415
0.000397233
0.000285328
0.000251436
0.000250373
0.000254588
0.000257268
0.000258403
0.000255265
0.000292951
0.000264429
0.000262433
0.000255247
0.000293503
0.000335267
0.000250821
0.000253237
0.000288691
0.000251511
0.000292894
0.000255362
0.000306253
0.000260094
0.000253848
0.000250655
0.000250236
0.000260259
0.000255121
0.000253054
0.000252999
0.000329438
0.000251199
0.000260312
0.000253818
0.000270214
0.000259963
0.000250022
0.000278924
0.000273588
0.000282462
0.000289098
0.000308124
0.000242866
0.00024497
0.000255601
0.000363385
0.000253119
0.000291976
0.000304209
0.000249425
0.000242211
0.000254405
0.000241223
0.000244591
0.000334945
0.000299873
0.000245946
0.000532689
0.00027651
0.000258732
0.000261805
0.000286175
0.000248899
0.000290732
0.000245607
0.00024039
0.000255009
0.000241029
0.000244297
0.000246911
0.000253254
0.000268621
0.000310724
0.000310732
0.000369857
0.00037748
0.000255593
0.000264615
0.000258539
0.000236765
0.000265477
0.000234012
0.000412827
0.000268619
0.000287076
0.0002433
0.000271629
0.000279295
0.000245724
0.000266831
0.000283628
0.000279248
0.000238152
0.000279684
0.000448648
0.000367416
0.000251742
0.000245469
0.000281625
0.000243073
0.000253723
0.000259013
0.000322013
0.000256947
0.000347524
0.000253419
0.00027643
0.000227593
