1.3786e-05
2.773e-06
2.495e-06
1.7608e-05
2.706e-06
3.26e-06
2.437e-06
2.032e-06
2.4e-06
2.108e-06
2.386e-06
2.734e-06
2.36e-06
2.254e-06
2.392e-06
2.98e-06
2.485e-06
2.199e-06
2.253e-06
2.32e-06
2.226e-06
2.755e-06
2.432e-06
2.464e-06
2.267e-06
3.533e-06
2.731e-06
2.334e-06
2.876e-06
2.187e-06
2.127e-06
2.064e-06
2.299e-06
1.925e-06
2.227e-06
2.379e-06
3.273e-06
2.569e-06
2.511e-06
2.254e-06
3.063e-06
1.987e-06
2.432e-06
1.991e-06
1.917e-06
2.231e-06
2.229e-06
2.984e-06
2.914e-06
3.262e-06
2.219e-06
2.284e-06
2.299e-06
2.159e-06
1.618e-06
1.763e-06
2.528e-06
2.354e-06
2.084e-06
2.37e-06
7.054e-06
1.911e-06
2.169e-06
2.367e-06
1.775e-06
1.961e-06
2.161e-06
1.975e-06
2.127e-06
3.224e-06
1.5104e-05
2.31e-06
2.548e-06
1.6462e-05
2.083e-06
2.29e-06
2.384e-06
2.405e-06
2.488e-06
2.21e-06
2.06e-06
2.41e-06
2.077e-06
2.186e-06
3.05e-06
2.2e-06
2.628e-06
1.836e-06
1.89e-06
2.054e-06
2.345e-06
2.111e-06
2.083e-06
1.927e-06
2.337e-06
1.9883e-05
2.003e-06
1.832e-06
2.104e-06
2.013e-06
2.165e-06
2.137e-06
1.852e-06
1.795e-06
1.791e-06
1.87e-06
1.613e-06
1.833e-06
1.788e-06
2.128e-06
2.357e-06
2.191e-06
2.496e-06
1.974e-06
1.991e-06
2.017e-06
2.555e-06
2.386e-06
2.327e-06
2.178e-06
1.896e-06
1.989e-06
2.945e-06
1.939e-06
1.9e-06
2.114e-06
2.534e-06
2.8e-06
2.086e-06
2.091e-06
2.295e-06
2.117e-06
2.832e-06
2.491e-06
2.025e-06
2.176e-06
2.306e-06
2.305e-06
2.437e-06
2.312e-06
3.725e-06
2.489e-06
2.516e-06
3.788e-06
2.525e-06
2.712e-06
2.241e-06
2.815e-06
2.125e-06
2.173e-06
2.272e-06
2.35e-06
2.217e-06
2.392e-06
2.077e-06
2.413e-06
2.597e-06
1.986e-06
2.108e-06
2.683e-06
2.296e-06
2.274e-06
2.234e-06
2.345e-06
2.632e-06
2.146e-06
2.44e-06
2.353e-06
2.237e-06
2.471e-06
2.29e-06
2.538e-06
2.107e-06
2.169e-06
2.195e-06
2.118e-06
2.506e-06
2.203e-06
2.398e-06
2.134e-06
2.355e-06
2.911e-06
2.191e-06
3.287e-06
2.819e-06
2.524e-06
2.852e-06
2.302e-06
2.121e-06
2.419e-06
2.273e-06
2.714e-06
2.333e-06
2.621e-06
2.352e-06
2.834e-06
2.988e-06
2.319e-06
2.352e-06
3.518e-06
4.201e-06
2.938e-06
2.688e-06
2.792e-06
8.718e-06
2.685e-06
3.046e-06
2.509e-06
3.055e-06
3.217e-06
3.068e-06
3.128e-06
3.095e-06
2.782e-06
2.399e-06
2.942e-06
3.003e-06
2.474e-06
3.635e-06
3.575e-06
3.19e-06
3.851e-06
2.875e-06
4.843e-06
3.617e-06
2.911e-06
5.065e-06
3.121e-06
3.733e-06
5.698e-06
1.622e-05
3.17e-06
4.213e-06
3.65e-06
1.8043e-05
3.052e-06
4.144e-06
3.05e-06
2.979e-06
6.568e-06
3.756e-06
3.822e-06
3.013e-06
2.831e-06
3.666e-06
2.712e-06
4.67e-06
2.955e-06
3.061e-06
3.557e-06
3.126e-06
3.067e-06
3.931e-06
2.574e-06
3.487e-06
3.385e-06
2.707e-06
1.1359e-05
3.396e-06
1.9644e-05
2.997e-06
3.749e-06
2.843e-06
4.806e-06
3.209e-06
2.966e-06
1.515e-05
1.4843e-05
3.679e-06
3.024e-06
3.261e-06
2.821e-06
3.315e-06
2.95e-06
3.182e-06
3.999e-06
2.868e-06
4.264e-06
3.101e-06
2.902e-06
2.731e-06
2.567e-06
3.069e-06
3.734e-06
2.809e-06
3.05e-06
2.73e-06
3.459e-06
3.022e-06
3.097e-06
2.552e-06
2.924e-06
3.205e-06
2.826e-06
2.995e-06
2.932e-06
3.219e-06
3.23e-06
3.024e-06
2.827e-06
2.878e-06
3.617e-06
3.464e-06
3.018e-06
4.43e-06
3.605e-06
2.662e-06
5.136e-06
2.84e-06
3.023e-06
2.631e-06
2.556e-06
3.178e-06
3.158e-06
3.218e-06
3.914e-06
3.116e-06
3.404e-06
3.096e-06
2.672e-06
3.28e-06
2.872e-06
3.238e-06
3.91e-06
2.966e-06
3.423e-06
2.685e-06
1.8158e-05
2.536e-06
3.39e-06
3.127e-06
2.908e-06
3.579e-06
3.214e-06
3.133e-06
4.495e-06
3.205e-06
4.147e-06
3.731e-06
3.179e-06
3.304e-06
3.039e-06
3.759e-06
3.654e-06
2.648e-06
3.585e-06
4.754e-06
1.4911e-05
3.058e-06
3.321e-06
3.058e-06
3.044e-06
5.44e-06
3.041e-06
3.876e-06
3.398e-06
3.239e-06
3.599e-06
3.127e-06
3.928e-06
3.355e-06
2.998e-06
3.121e-06
2.992e-06
3.05e-06
4.369e-06
2.915e-06
4.226e-06
3.247e-06
2.682e-06
9.831e-06
2.988e-06
3.997e-06
3.956e-06
3.411e-06
2.809e-06
1.6469e-05
3.416e-06
3.093e-06
3.325e-06
2.777e-06
3.197e-06
3.026e-06
2.826e-06
3.285e-06
2.909e-06
4.388e-06
2.938e-06
1.7234e-05
2.79e-06
2.948e-06
1.5369e-05
2.99e-06
3.152e-06
2.815e-06
3.36e-06
2.911e-06
2.708e-06
3.05e-06
2.884e-06
3.075e-06
3.155e-06
2.715e-06
3.047e-06
3.274e-06
3.004e-06
3.23e-06
6.308e-06
2.8e-06
2.832e-06
1.8709e-05
3.641e-06
3.739e-06
2.873e-06
2.892e-06
3.16e-06
3.226e-06
3.227e-06
2.861e-06
3.302e-06
2.916e-06
3.1e-06
3.205e-06
2.887e-06
3.199e-06
2.95e-06
3.421e-06
3.082e-06
2.686e-06
3.059e-06
3.415e-06
2.772e-06
2.894e-06
2.962e-06
3.126e-06
2.745e-06
2.961e-06
2.982e-06
3.4e-06
3.04e-06
1.4991e-05
3.104e-06
2.846e-06
2.886e-06
3.395e-06
3.105e-06
2.809e-06
2.608e-06
2.691e-06
2.73e-06
2.994e-06
3.393e-06
2.73e-06
2.831e-06
2.654e-06
3.629e-06
2.687e-06
2.917e-06
2.591e-06
2.75e-06
4.1e-06
2.458e-06
2.563e-06
3.267e-06
3.872e-06
3.503e-06
2.928e-06
2.583e-06
2.84e-06
2.725e-06
3.783e-06
3.012e-06
2.681e-06
2.963e-06
3.304e-06
3.636e-06
3.047e-06
3.459e-06
3.236e-06
3.035e-06
3.256e-06
2.786e-06
3.381e-06
2.568e-06
3.043e-06
3.197e-06
3.973e-06
3.281e-06
3.918e-06
2.504e-06
3.106e-06
2.851e-06
2.788e-06
2.912e-06
3.044e-06
4.706e-06
3.101e-06
1.4526e-05
3.151e-06
2.786e-06
3.953e-06
2.713e-06
2.613e-06
4.011e-06
3.723e-06
3.837e-06
4.263e-06
3.742e-06
3.318e-06
3.065e-06
4.061e-06
3.754e-06
2.991e-06
3.425e-06
2.791e-06
3.118e-06
2.741e-06
2.67e-06
2.908e-06
3.068e-06
2.965e-06
2.577e-06
3.197e-06
2.636e-06
2.808e-06
2.954e-06
2.688e-06
2.6e-06
6.23e-06
2.642e-06
2.675e-06
2.522e-06
2.474e-06
2.764e-06
3.007e-06
2.889e-06
3.454e-06
4.085e-06
3.972e-06
3.668e-06
3.106e-06
3.213e-06
2.756e-06
2.629e-06
2.349e-06
2.518e-06
2.404e-06
2.508e-06
2.641e-06
3.138e-06
2.884e-06
2.488e-06
2.823e-06
2.538e-06
2.868e-06
2.821e-06
3.325e-06
3.064e-06
2.812e-06
2.448e-06
2.571e-06
2.535e-06
2.87e-06
2.328e-06
2.711e-06
2.483e-06
2.513e-06
2.411e-06
2.356e-06
2.711e-06
2.198e-06
2.31e-06
2.71e-06
2.567e-06
2.192e-06
2.155e-06
2.814e-06
4.604e-06
3.945e-06
2.793e-06
2.37e-06
3.171e-06
2.707e-06
3.572e-06
3.116e-06
2.869e-06
3.484e-06
2.686e-06
2.9e-06
2.926e-06
2.49e-06
2.964e-06
2.657e-06
4.97e-06
2.934e-06
2.897e-06
2.713e-06
2.578e-06
2.772e-06
2.413e-06
1.859e-05
3.717e-06
2.94e-06
2.593e-06
2.834e-06
2.711e-06
2.899e-06
4.061e-06
3.107e-06
2.635e-06
2.714e-06
2.709e-06
1.6303e-05
2.715e-06
3.509e-06
2.932e-06
1.8186e-05
4.166e-06
1.8604e-05
3.008e-06
2.995e-06
3.813e-06
2.97e-06
3.857e-06
1.5141e-05
3.812e-06
2.565e-06
3.298e-06
3.74e-06
2.759e-06
3.244e-06
4.107e-06
3.642e-06
3.055e-06
2.698e-06
2.965e-06
2.597e-06
3.241e-06
2.678e-06
2.904e-06
2.873e-06
7.936e-06
3.067e-06
3.789e-06
3.489e-06
3.426e-06
3.136e-06
3.247e-06
3.012e-06
2.891e-06
1.4374e-05
2.999e-06
3.633e-06
2.757e-06
2.94e-06
3.099e-06
3.656e-06
3.922e-06
2.654e-06
3.552e-06
3.673e-06
2.891e-06
2.756e-06
3.235e-06
3.78e-06
3.324e-06
2.86e-06
1.5208e-05
3.131e-06
3.377e-06
3.016e-06
3.111e-06
3.395e-06
2.898e-06
2.88e-06
4.226e-06
2.934e-06
2.832e-06
3.856e-06
3.994e-06
2.658e-06
2.443e-06
6.739e-06
2.496e-06
2.789e-06
3.329e-06
4.113e-06
2.719e-06
2.857e-06
2.789e-06
2.951e-06
3.68e-06
3.932e-06
3.257e-06
3.047e-06
2.786e-06
3.213e-06
2.729e-06
2.814e-06
2.955e-06
4.513e-06
1.6954e-05
3.335e-06
2.984e-06
2.857e-06
3.038e-06
2.996e-06
2.445e-06
2.621e-06
3.15e-06
2.676e-06
3.265e-06
5.214e-06
3.255e-06
4.692e-06
2.893e-06
2.592e-06
2.616e-06
2.407e-06
2.862e-06
2.297e-06
3.324e-06
3.559e-06
2.807e-06
2.494e-06
2.857e-06
1.7297e-05
3.789e-06
2.6e-06
3.174e-06
2.75e-06
2.593e-06
2.967e-06
2.882e-06
3.131e-06
2.853e-06
2.888e-06
3.116e-06
3.092e-06
5.67e-06
2.889e-06
2.572e-06
2.33e-06
2.58e-06
3.026e-06
2.607e-06
3.786e-06
2.421e-06
6.172e-06
3.125e-06
2.433e-06
6.423e-06
3.934e-06
3.46e-06
5.333e-06
2.483e-06
3.17e-06
3.069e-06
3.671e-06
3.056e-06
2.663e-06
2.544e-06
2.557e-06
2.607e-06
3.139e-06
3.083e-06
1.7041e-05
3.118e-06
2.945e-06
2.441e-06
2.355e-06
2.538e-06
2.796e-06
2.602e-06
3.324e-06
2.765e-06
2.318e-06
3.063e-06
2.663e-06
2.716e-06
2.825e-06
3.466e-06
2.742e-06
3.221e-06
2.929e-06
2.488e-06
2.579e-06
2.534e-06
4.378e-06
2.617e-06
2.68e-06
2.514e-06
2.295e-06
2.6e-06
2.906e-06
3.613e-06
2.437e-06
3.344e-06
3.143e-06
3.368e-06
1.4525e-05
2.628e-06
2.705e-06
3.017e-06
2.611e-06
2.442e-06
2.921e-06
2.658e-06
2.558e-06
2.561e-06
3.428e-06
2.669e-06
2.667e-06
3.024e-06
2.839e-06
2.814e-06
2.613e-06
2.531e-06
2.516e-06
2.292e-06
3.307e-06
2.402e-06
3.786e-06
2.579e-06
2.587e-06
2.712e-06
2.706e-06
3.062e-06
5.189e-06
2.649e-06
3.622e-06
2.594e-06
4.091e-06
3.772e-06
3.046e-06
1.7921e-05
3.43e-06
2.478e-06
2.972e-06
3.119e-06
2.393e-06
2.442e-06
2.51e-06
2.25e-06
2.651e-06
3.087e-06
2.705e-06
3.221e-06
2.609e-06
2.704e-06
2.218e-06
2.455e-06
2.741e-06
2.411e-06
3.6219e-05
2.808e-06
2.341e-06
4.55e-06
2.797e-06
2.558e-06
2.651e-06
2.56e-06
2.949e-06
3.784e-06
2.632e-06
3.05e-06
3.139e-06
2.522e-06
2.803e-06
2.432e-06
2.563e-06
2.403e-06
2.352e-06
2.441e-06
2.507e-06
2.319e-06
2.617e-06
2.309e-06
2.385e-06
2.507e-06
2.505e-06
2.557e-06
2.704e-06
2.336e-06
2.705e-06
2.367e-06
4.302e-06
2.906e-06
2.252e-06
2.893e-06
2.544e-06
3.737e-06
1.9166e-05
3.769e-06
2.768e-06
2.337e-06
2.338e-06
2.411e-06
2.502e-06
2.979e-06
2.824e-06
2.114e-06
2.183e-06
2.546e-06
2.305e-06
1.4537e-05
2.816e-06
2.504e-06
2.463e-06
2.802e-06
5.24e-06
3.342e-06
2.816e-06
2.563e-06
3.326e-06
2.813e-06
3.025e-06
2.625e-06
2.366e-06
3.042e-06
3.107e-06
2.657e-06
2.687e-06
2.605e-06
2.474e-06
2.782e-06
2.608e-06
2.652e-06
2.717e-06
2.856e-06
2.472e-06
2.486e-06
2.756e-06
3.133e-06
2.819e-06
3.271e-06
2.921e-06
2.845e-06
5.798e-06
3.682e-06
3.845e-06
3.612e-06
3.67e-06
3.698e-06
3.11e-06
3.02e-06
2.602e-06
2.807e-06
2.813e-06
3.069e-06
2.944e-06
2.721e-06
5.151e-06
2.674e-06
2.81e-06
2.774e-06
3.034e-06
2.468e-06
2.704e-06
2.607e-06
3.183e-06
3.006e-06
3.29e-06
2.775e-06
2.689e-06
3.169e-06
2.679e-06
2.971e-06
2.663e-06
2.662e-06
3.222e-06
2.672e-06
2.518e-06
4.142e-06
3.296e-06
2.583e-06
2.591e-06
2.525e-06
2.657e-06
2.682e-06
2.676e-06
3.509e-06
3.166e-06
1.7375e-05
2.503e-06
2.462e-06
2.425e-06
2.726e-06
3.676e-06
1.4843e-05
3.834e-06
3.102e-06
2.954e-06
3.344e-06
2.967e-06
3.01e-06
2.19e-06
2.425e-06
3.412e-06
3.117e-06
2.52e-06
2.731e-06
2.279e-06
3.522e-06
2.587e-06
2.805e-06
4.061e-06
4.215e-06
2.428e-06
2.533e-06
3.745e-06
2.58e-06
4.098e-06
3.14e-06
2.345e-06
3.592e-06
2.76e-06
2.626e-06
2.231e-06
2.147e-06
2.517e-06
2.173e-06
2.33e-06
2.429e-06
2.731e-06
2.234e-06
2.336e-06
2.003e-06
2.322e-06
2.289e-06
2.169e-06
2.506e-06
2.188e-06
2.136e-06
2.195e-06
2.298e-06
2.718e-06
2.226e-06
2.058e-06
4.873e-06
1.91e-06
3.191e-06
2.032e-06
2.016e-06
2.033e-06
2.093e-06
3.123e-06
3.468e-06
2.231e-06
2.564e-06
2.121e-06
2.396e-06
2.949e-06
1.873e-06
2.071e-06
1.996e-06
2.019e-06
2.711e-06
1.982e-06
2.492e-06
2.043e-06
2.486e-06
1.897e-06
2.04e-06
1.952e-06
1.866e-06
3.125e-06
2.109e-06
1.974e-06
2.603e-06
2.184e-06
2.168e-06
3.159e-06
2.223e-06
3.134e-06
2.523e-06
2.276e-06
2.287e-06
2.442e-06
1.994e-06
2.855e-06
3.246e-06
2.291e-06
3.335e-06
2.087e-06
3.214e-06
2.408e-06
2.419e-06
2.082e-06
2.085e-06
1.856e-06
2.119e-06
2.53e-06
2.131e-06
2.331e-06
2.311e-06
2.679e-06
1.867e-06
2.727e-06
2.29e-06
2.404e-06
3.708e-06
2.224e-06
2.106e-06
2.144e-06
2.344e-06
2.001e-06
2.04e-06
2.573e-06
2.606e-06
2.43e-06
2.345e-06
2.166e-06
1.931e-06
2.066e-06
2.369e-06
4.618e-06
2.542e-06
2.576e-06
2.08e-06
4.376e-06
2.757e-06
2.466e-06
2.2e-06
2.736e-06
2.189e-06
1.8455e-05
2.319e-06
2.047e-06
2.355e-06
2.218e-06
2.119e-06
2.099e-06
2.59e-06
2.042e-06
2.259e-06
2.369e-06
3.246e-06
2.026e-06
3.159e-06
2.694e-06
2.086e-06
1.948e-06
2.17e-06
2.323e-06
2.378e-06
2.198e-06
2.649e-06
2.382e-06
2.033e-06
2.316e-06
2.755e-06
1.4309e-05
2.154e-06
2.003e-06
2.222e-06
2.383e-06
2.689e-06
1.944e-06
2.267e-06
1.993e-06
2.171e-06
3.01e-06
2.745e-06
2.383e-06
2.4e-06
2.24e-06
1.964e-06
2.786e-06
4.825e-06
2.461e-06
2.966e-06
2.063e-06
1.999e-06
2.117e-06
2.829e-06
2.387e-06
2.297e-06
2.226e-06
3.604e-06
2.485e-06
2.4e-06
2.821e-06
4.024e-06
3.047e-06
3.802e-06
2.974e-06
2.324e-06
2.633e-06
2.193e-06
2.97e-06
3.194e-06
2.063e-06
2.3e-06
2.171e-06
2.351e-06
2.969e-06
2.291e-06
3.161e-06
2.424e-06
2.156e-06
1.99e-06
2.041e-06
2.64e-06
2.443e-06
2.105e-06
2.564e-06
2.723e-06
2.745e-06
5.073e-06
2.724e-06
2.68e-06
2.6e-06
2.593e-06
2.36e-06
2.263e-06
1.859e-06
1.0586e-05
1.979e-06
1.864e-06
2.015e-06
2.014e-06
2.062e-06
3.587e-06
1.881e-06
2.289e-06
2.99e-06
2.715e-06
1.888e-06
2.343e-06
2.766e-06
2.112e-06
1.972e-06
2.351e-06
2.266e-06
2.249e-06
2.477e-06
2.292e-06
2.638e-06
2.283e-06
2.184e-06
2.172e-06
2.4e-06
4.074e-06
2.324e-06
1.955e-06
3.154e-06
2.533e-06
2.901e-06
2.188e-06
2.739e-06
2.107e-06
2.281e-06
2.704e-06
1.961e-06
2.006e-06
2.965e-06
2.679e-06
2.375e-06
2.18e-06
3.189e-06
2.438e-06
2.364e-06
2.229e-06
2.366e-06
3.147e-06
1.7249e-05
3.096e-06
3.351e-06
3.978e-06
2.461e-06
2.245e-06
2.318e-06
2.153e-06
2.083e-06
3.728e-06
2.635e-06
3.574e-06
2.474e-06
2.358e-06
2.836e-06
2.841e-06
2.451e-06
2.936e-06
2.392e-06
2.689e-06
2.698e-06
2.311e-06
2.096e-06
2.403e-06
2.766e-06
2.755e-06
2.39e-06
2.537e-06
2.743e-06
2.633e-06
4.224e-06
2.849e-06
3.668e-06
4.071e-06
2.839e-06
2.234e-06
2.419e-06
2.84e-06
2.558e-06
2.383e-06
2.768e-06
2.701e-06
2.93e-06
1.681e-05
2.652e-06
3.183e-06
2.438e-06
2.232e-06
3.866e-06
3.009e-06
2.578e-06
2.805e-06
2.54e-06
2.431e-06
2.779e-06
3.658e-06
2.388e-06
2.16e-06
2.324e-06
2.106e-06
2.336e-06
2.2e-06
3.333e-06
2.446e-06
3.424e-06
2.626e-06
2.341e-06
2.665e-06
4.195e-06
3.897e-06
3.605e-06
3.98e-06
3.139e-06
2.367e-06
2.405e-06
2.367e-06
2.336e-06
2.526e-06
2.586e-06
2.239e-06
3.15e-06
2.215e-06
2.653e-06
2.725e-06
2.156e-06
2.212e-06
1.8284e-05
2.394e-06
2.565e-06
2.354e-06
2.436e-06
2.359e-06
2.398e-06
2.414e-06
2.697e-06
2.349e-06
2.878e-06
2.704e-06
2.714e-06
3.461e-06
2.946e-06
2.795e-06
2.634e-06
2.314e-06
2.386e-06
2.338e-06
2.642e-06
2.41e-06
2.465e-06
2.707e-06
2.419e-06
2.283e-06
2.611e-06
8.037e-06
2.178e-06
2.419e-06
2.253e-06
2.374e-06
2.499e-06
2.562e-06
2.249e-06
3.052e-06
2.158e-06
2.785e-06
2.323e-06
2.056e-06
3.249e-06
2.315e-06
3.422e-06
2.529e-06
2.004e-06
2.568e-06
1.768e-06
1.752e-06
1.804e-06
2.045e-06
2.674e-06
3.294e-06
2.501e-06
2.354e-06
2.008e-06
2.821e-06
1.4901e-05
2.301e-06
2.015e-06
2.161e-06
2.013e-06
1.976e-06
2.212e-06
2.837e-06
2.083e-06
2.275e-06
2.273e-06
2.98e-06
2.319e-06
2.611e-06
2.032e-06
2.089e-06
3.211e-06
2.27e-06
2.011e-06
2.186e-06
1.983e-06
2.289e-06
2.24e-06
1.903e-06
2.847e-06
1.4736e-05
2.222e-06
2.124e-06
2.008e-06
2.069e-06
2.063e-06
1.835e-06
1.782e-06
2.095e-06
1.881e-06
2.371e-06
2.342e-06
1.942e-06
1.801e-06
1.85e-06
2.119e-06
2.087e-06
1.933e-06
1.872e-06
1.972e-06
1.4225e-05
2.033e-06
2.218e-06
1.914e-06
1.915e-06
2.327e-06
2.737e-06
1.866e-06
3.4e-06
1.87e-06
2.049e-06
2.545e-06
2.115e-06
2.756e-06
2.34e-06
3.455e-06
2.569e-06
2.513e-06
2.025e-06
2.394e-06
2.139e-06
2e-06
2.168e-06
1.998e-06
2.036e-06
2.424e-06
2.271e-06
1.929e-06
2.151e-06
3.793e-06
2.186e-06
2.119e-06
3.298e-06
2.314e-06
4.447e-06
1.5907e-05
1.849e-06
2.386e-06
2.305e-06
2.486e-06
2.491e-06
2.503e-06
2.393e-06
2.114e-06
2.334e-06
1.902e-06
2.006e-06
2.107e-06
2.108e-06
2.006e-06
1.966e-06
2.185e-06
2.588e-06
2.023e-06
2.609e-06
2.23e-06
1.828e-06
3e-06
2.565e-06
1.834e-06
2.613e-06
2.534e-06
2.219e-06
2.723e-06
2.247e-06
1.995e-06
2.747e-06
1.838e-06
1.768e-06
1.948e-06
2.051e-06
2.056e-06
2.649e-06
1.933e-06
1.835e-06
1.4281e-05
1.894e-06
1.876e-06
3.022e-06
2.014e-06
1.974e-06
3.111e-06
2.047e-06
2.5e-06
2.201e-06
2.266e-06
2.144e-06
2.437e-06
1.914e-06
2.324e-06
2.475e-06
2.413e-06
2.036e-06
2.67e-06
2.242e-06
2.569e-06
2.625e-06
2.186e-06
2.841e-06
2.161e-06
2.26e-06
2.594e-06
1.4464e-05
2.434e-06
1.972e-06
2.066e-06
2.107e-06
1.98e-06
2.46e-06
2.481e-06
1.755e-06
2.427e-06
2.331e-06
2.027e-06
2.476e-06
1.942e-06
2.529e-06
5.876e-06
2.36e-06
2.618e-06
2.624e-06
2.401e-06
2.041e-06
2.32e-06
1.807e-06
2.095e-06
2.207e-06
2.158e-06
2.541e-06
1.992e-06
2.081e-06
2.067e-06
2.452e-06
2.008e-06
1.975e-06
2.016e-06
2.261e-06
2.29e-06
2.285e-06
2.429e-06
1.934e-06
2.044e-06
2.628e-06
2.129e-06
2.254e-06
2.254e-06
2.372e-06
2.191e-06
2.724e-06
2.303e-06
2.363e-06
2.584e-06
2.162e-06
2.039e-06
2.336e-06
2.642e-06
2.248e-06
2.517e-06
3.39e-06
2.185e-06
2.152e-06
3.556e-06
2.04e-06
1.858e-06
2.736e-06
1.885e-06
1.6744e-05
2.24e-06
2.48e-06
2.052e-06
1.892e-06
1.766e-06
2.029e-06
1.779e-06
1.749e-06
2.983e-06
2.183e-06
2.774e-06
2.028e-06
1.759e-06
1.772e-06
2.51e-06
1.887e-06
1.918e-06
2.299e-06
2.831e-06
2.57e-06
1.772e-06
1.83e-06
2.335e-06
1.921e-06
1.908e-06
1.751e-06
2.142e-06
1.746e-06
1.786e-06
5.778e-06
1.922e-06
1.819e-06
2.606e-06
1.706e-06
1.49e-06
1.782e-06
1.759e-06
1.562e-06
1.73e-06
2.506e-06
1.948e-06
2.366e-06
2.347e-06
2.644e-06
1.648e-06
1.968e-06
1.5e-06
1.717e-06
1.63e-06
2.466e-06
1.693e-06
1.508e-06
1.912e-06
2.227e-06
1.984e-06
2.068e-06
1.913e-06
3.036e-06
3.011e-06
3.809e-06
1.837e-06
2.069e-06
2.041e-06
2.554e-06
2.379e-06
4.261e-06
2.63e-06
2.183e-06
2.12e-06
1.4502e-05
2.785e-06
2.545e-06
2.476e-06
2.402e-06
2.731e-06
2.255e-06
2.259e-06
2.36e-06
2.291e-06
3.561e-06
2.217e-06
2.15e-06
2.673e-06
2.579e-06
2.499e-06
3.493e-06
3.387e-06
2.101e-06
2.544e-06
2.772e-06
2.247e-06
3.507e-06
2.486e-06
2.304e-06
2.752e-06
2.384e-06
1.9113e-05
2.232e-06
2.462e-06
2.083e-06
2.126e-06
2.058e-06
1.98e-06
2.79e-06
2.335e-06
2.68e-06
2.058e-06
2.137e-06
1.732e-06
1.656e-06
2.417e-06
1.79e-06
1.972e-06
2.811e-06
1.874e-06
2.515e-06
1.875e-06
2.079e-06
2.023e-06
8.057e-06
1.838e-06
2.693e-06
1.774e-06
1.7446e-05
1.953e-06
2.077e-06
3.308e-06
1.88e-06
1.687e-06
1.476e-06
1.762e-06
1.76e-06
1.617e-06
1.666e-06
1.566e-06
1.518e-06
1.792e-06
1.61e-06
2.382e-06
2.861e-06
1.575e-06
1.805e-06
1.595e-06
1.752e-06
1.519e-06
1.652e-06
2.024e-06
6.22e-06
1.592e-06
1.599e-06
2.642e-06
1.4199e-05
1.656e-06
2.393e-06
2.138e-06
2.241e-06
1.725e-06
2.104e-06
2.043e-06
2.666e-06
2.261e-06
1.617e-06
2.447e-06
2.427e-06
1.873e-06
1.714e-06
2.155e-06
1.499e-06
1.859e-06
2.076e-06
1.893e-06
1.817e-06
1.917e-06
1.709e-06
2.204e-06
1.838e-06
6.095e-06
1.682e-06
1.826e-06
1.862e-06
2.764e-06
1.4212e-05
1.68e-06
2.026e-06
1.688e-06
1.542e-06
2.066e-06
2.295e-06
1.778e-06
2.513e-06
1.606e-06
1.944e-06
1.616e-06
1.959e-06
1.878e-06
1.881e-06
3.061e-06
1.999e-06
1.741e-06
1.573e-06
1.914e-06
1.768e-06
2.047e-06
2.016e-06
1.596e-06
2.182e-06
1.633e-06
1.933e-06
1.79e-06
1.652e-06
1.568e-06
1.72e-06
1.975e-06
2.22e-06
1.7e-06
1.997e-06
1.558e-06
1.804e-06
2.028e-06
1.702e-06
1.291e-06
1.637e-06
3.883e-06
2.037e-06
1.77e-06
1.688e-06
2.332e-06
1.3811e-05
1.91e-06
1.577e-06
2.289e-06
1.718e-06
3.266e-06
2.38e-06
1.761e-06
1.792e-06
1.603e-06
1.714e-06
1.585e-06
2.062e-06
2.069e-06
1.667e-06
2.288e-06
1.479e-06
2.486e-06
1.421e-06
1.395e-06
1.83e-06
1.462e-06
1.769e-06
1.905e-06
2.067e-06
3.153e-06
1.781e-06
1.719e-06
1.522e-06
1.48e-06
1.475e-06
1.92e-06
1.692e-06
1.58e-06
1.941e-06
1.794e-06
1.948e-06
1.322e-06
1.92e-06
1.806e-06
1.727e-06
1.555e-06
2.133e-06
1.899e-06
2.215e-06
1.968e-06
2.477e-06
1.831e-06
1.999e-06
2.744e-06
1.821e-06
2.086e-06
1.94e-06
1.735e-06
2.794e-06
1.912e-06
1.611e-06
2.241e-06
1.839e-06
2.747e-06
2.269e-06
2.009e-06
1.804e-06
2.215e-06
2.266e-06
2.301e-06
1.903e-06
2.26e-06
1.871e-06
2.018e-06
2.042e-06
1.568e-06
2.455e-06
2.162e-06
2.169e-06
3.37e-06
2.151e-06
2.046e-06
2.137e-06
2.003e-06
2.577e-06
2.151e-06
1.849e-06
2.012e-06
2.276e-06
2.085e-06
1.781e-06
1.722e-06
3.2e-06
2.005e-06
1.713e-06
1.74e-06
1.741e-06
2.062e-06
2.083e-06
2.04e-06
2.196e-06
1.827e-06
1.902e-06
1.952e-06
2.368e-06
1.691e-06
2.964e-06
1.665e-06
1.919e-06
1.672e-06
2.463e-06
2.005e-06
1.805e-06
1.74e-06
2.207e-06
2.088e-06
2.108e-06
1.633e-06
2.525e-06
1.735e-06
1.842e-06
1.893e-06
2.275e-06
2.149e-06
2.214e-06
2.51e-06
2.477e-06
2.804e-06
2.01e-06
1.678e-06
1.764e-06
1.716e-06
2.849e-06
1.705e-06
2.258e-06
2.253e-06
1.632e-06
2.019e-06
2.331e-06
1.911e-06
2.471e-06
2.323e-06
1.91e-06
1.921e-06
2.239e-06
2.238e-06
2.791e-06
2.021e-06
2.477e-06
2.344e-06
2.434e-06
3.228e-06
2.433e-06
2.487e-06
3.033e-06
2.063e-06
2.208e-06
2.536e-06
1.934e-06
3.017e-06
2.316e-06
2.242e-06
2.239e-06
2.027e-06
2.168e-06
3.28e-06
2.391e-06
2.651e-06
2.397e-06
2.434e-06
2.314e-06
2.541e-06
2.56e-06
2.075e-06
2.517e-06
2.432e-06
2.266e-06
2.678e-06
1.4495e-05
3.227e-06
3.021e-06
2.122e-06
4.389e-06
2.885e-06
2.801e-06
2.168e-06
1.907e-06
1.876e-06
2.61e-06
2.039e-06
2.272e-06
2.379e-06
2.342e-06
1.98e-06
1.84e-06
1.886e-06
2.016e-06
2.114e-06
1.862e-06
2.502e-06
2.306e-06
3.395e-06
2.746e-06
1.9568e-05
3.363e-06
2.252e-06
2.16e-06
2.069e-06
2.579e-06
2.014e-06
1.76e-06
1.4119e-05
1.903e-06
1.934e-06
1.82e-06
2.293e-06
1.85e-06
1.812e-06
2.262e-06
1.969e-06
1.984e-06
1.945e-06
1.8e-06
2.175e-06
2.102e-06
2.124e-06
2.839e-06
1.995e-06
2.241e-06
2.083e-06
1.818e-06
1.722e-06
2.003e-06
2.477e-06
1.947e-06
2.73e-06
2.693e-06
2.308e-06
2.276e-06
2.211e-06
2.43e-06
2.04e-06
2.079e-06
1.907e-06
1.876e-06
1.892e-06
1.938e-06
2.116e-06
1.3908e-05
2.027e-06
1.891e-06
2.127e-06
3.13e-06
2.009e-06
2.155e-06
1.89e-06
1.983e-06
2.36e-06
2.125e-06
1.795e-06
2.808e-06
1.909e-06
3.921e-06
1.987e-06
2.254e-06
2.124e-06
1.668e-06
1.702e-06
2.567e-06
3.25e-06
2.926e-06
3.094e-06
2.201e-06
2.152e-06
2.432e-06
1.883e-06
2.253e-06
1.728e-06
2.34e-06
2.452e-06
2.153e-06
2.211e-06
1.871e-06
1.82e-06
2.063e-06
2.088e-06
2.039e-06
1.719e-06
1.896e-06
2.363e-06
