7.355e-05
0.00231852
8.3447e-05
0.000137691
8.3474e-05
0.000139299
9.0749e-05
0.000128245
0.000138294
0.000117694
0.000193672
0.000125054
0.000117466
0.000157817
0.000174408
0.000217324
0.000171431
0.000185065
0.000152201
0.00019238
0.000152692
0.000341907
0.000180227
0.000171538
0.000261057
0.000219313
0.00020067
0.000290843
0.000268094
0.000264356
0.000208391
0.000264058
0.000242546
0.000380095
0.000240565
0.000253604
0.000241171
0.000267361
0.000266378
0.000218767
0.000192968
0.000233651
0.000246791
0.000254468
0.000227221
0.000257276
0.000211503
0.000229014
0.000245273
0.000212821
0.000245943
0.000225707
0.000204275
0.000190281
0.000189921
0.000151528
0.000180781
0.000181607
0.000163456
0.000162701
0.00015165
0.000139386
0.000178697
0.000159823
0.00015002
0.000249784
0.000140877
0.000125714
0.000139756
0.000156222
0.000119174
0.00012436
0.000140454
0.00011715
0.000116082
0.000103485
0.000131023
0.000160654
0.00012129
9.5123e-05
0.000120155
0.000176266
0.000102122
8.9376e-05
9.5888e-05
0.000107253
9.9639e-05
9.3722e-05
0.00012423
0.000128309
9.5954e-05
0.000125425
0.000132558
0.000124927
0.000104549
0.000109263
0.000116987
0.000103749
0.000212264
9.7738e-05
9.5794e-05
0.000103874
0.000123485
0.000131467
0.000120992
0.000107326
0.000131044
0.000158293
0.000117417
0.000160944
0.000108096
0.000105447
0.000140786
9.7632e-05
0.000119269
0.000135147
0.000114631
0.000134596
0.000130053
0.000127303
0.000142533
0.000103205
0.000113081
0.000108045
0.000123908
0.000121958
0.000121048
0.000140926
0.000144629
0.000149825
0.000190682
0.000159588
0.000125649
0.000127047
0.000165252
0.000151905
0.000124714
0.00012977
0.000171558
0.000169699
0.000154148
0.000234724
0.000140524
0.000181094
0.000149613
0.00018967
0.000210618
0.000168716
0.000267266
0.000193523
0.000224534
0.00026407
0.000226978
0.000228161
0.000222976
0.000236519
0.000236001
0.000233697
0.00027355
0.000245591
0.000289542
0.000260161
0.000261601
0.000262413
0.000279514
0.000424989
0.000303026
0.000287695
0.000376054
0.00032984
0.000456554
0.000343005
0.000498306
0.000306291
0.000332017
0.000331756
0.000327488
0.000548272
0.000363641
0.000348874
0.000389246
0.000384059
0.000345671
0.000381345
0.000336862
0.000355209
0.0003672
0.000357094
0.00043638
0.000361947
0.000392655
0.000418111
0.000457167
0.000383333
0.000441201
0.000402444
0.000454458
0.000426983
0.000381499
0.000369386
0.000425233
0.000396935
0.000361431
0.00038498
0.000363345
0.00046175
0.000390402
0.000400422
0.00034172
0.000386502
0.000324307
0.000337664
0.000318401
0.00033533
0.000340165
0.00031507
0.000338195
0.0003192
0.000314523
0.000405026
0.000328494
0.000391219
0.000375341
0.000554647
0.00034266
0.000381177
0.000304897
0.000319164
0.000339242
0.00034835
0.000333282
0.00031503
0.000367896
0.000374931
0.000488065
0.000295239
0.000339782
0.000361518
0.000333899
0.000483434
0.00031616
0.000328517
0.000369542
0.000355055
0.000356747
0.000360374
0.000364951
0.000368316
0.000363403
0.000343321
0.000383819
0.000375477
0.000307659
0.000322821
0.000350189
0.000393649
0.000322693
0.000344464
0.000313561
0.000270644
0.000315839
0.0003319
0.000308
0.000295322
0.000355006
0.00032393
0.000321309
0.00042916
0.000310476
0.00031939
0.000311993
0.000345338
0.00033733
0.000335356
0.000363365
0.000327222
0.000379831
0.00033858
0.000319099
0.000311519
0.000324163
0.000323425
0.000284612
0.000328736
0.000342872
0.000284812
0.00032012
0.000260554
0.000321767
0.000311035
0.000252878
0.000238464
0.000267694
0.000278117
0.000301879
0.000259992
0.000286575
0.000302691
0.000256708
0.0002483
0.000259944
0.000307664
0.000289087
0.000318146
0.000304225
0.000255591
0.000302473
0.000270085
0.000280259
0.000285267
0.000215369
0.000246232
0.000280085
0.000282077
0.000280073
0.000285667
0.000304533
0.000277096
0.00026388
0.000279272
0.000295883
0.000276125
0.000258967
0.000337455
0.000345946
0.000294993
0.000293583
0.00030337
0.000319971
0.000337102
0.000300724
0.00028158
0.000257417
0.000298426
0.000298678
0.00024371
0.00022595
0.000250109
0.000340661
0.000352062
0.000253304
0.000297462
0.000292287
0.000259126
0.000322421
0.00025637
0.000287191
0.00028545
0.000234285
0.000225613
0.000266098
0.000252602
0.00023673
0.000273175
0.00027798
0.000276808
0.000245918
0.000246201
0.000300247
0.000279014
0.000280497
0.000272709
0.000281018
0.000321383
0.000271923
0.000263884
0.000250593
0.000253118
0.000243509
0.000278699
0.000293951
0.000261904
0.000295965
0.000274815
0.000283765
0.000294388
0.000301409
0.000273563
0.000362043
0.000297468
0.00029363
0.000322097
0.000356202
0.000356643
0.000356059
0.000331867
0.000316588
0.000330627
0.000314738
0.000329355
0.000367466
0.0004481
0.000403105
0.000378262
0.000326033
0.000320149
0.000369252
0.000392661
0.000364283
0.000397829
0.000421096
0.000356052
0.000366259
0.000358302
0.000370981
0.000344508
0.000432914
0.000421847
0.000397971
0.000402968
0.000383462
0.000389786
0.00036674
0.000375975
0.000419722
0.000392352
0.000391822
0.000370222
0.000341649
0.000406516
0.000332459
0.000355981
0.000394627
0.000372423
0.000427619
0.00038658
0.000320378
0.000350191
0.000378336
0.000345182
0.000346549
0.000313025
0.000346114
0.000546864
0.00031098
0.000338842
0.000336021
0.000286387
0.000328597
0.000367213
0.000393243
0.000353498
0.000310756
0.000334811
0.000305083
0.000283797
0.000295263
0.000325428
0.000333341
0.0003478
0.000370988
0.000359252
0.000338244
0.000403372
0.000331859
0.000316752
0.000571978
0.000358334
0.000363779
0.00033827
0.000311476
0.000311085
0.000490363
0.000332186
0.000299881
0.000293941
0.000478033
0.000803207
0.000291437
0.000275901
0.000273604
0.000357032
0.000285797
0.000320675
0.000286022
0.000292161
0.000271769
0.00027227
0.000294086
0.000254867
0.000273526
0.000230607
0.000243515
0.000226461
0.000227835
0.000254937
0.000248921
0.00024934
0.000260296
0.000290717
0.0002556
0.000330254
0.000342903
0.000331965
0.000319777
0.000280821
0.000471198
0.000271598
0.000269779
0.00027955
0.000279965
0.000282282
0.000282566
0.000261578
0.000250117
0.000305976
0.000254894
0.000258063
0.00023918
0.000270702
0.000217491
0.000230662
0.00030228
0.00023875
0.000337537
0.000355318
0.000221425
0.000256607
0.00025696
0.00026218
0.000308797
0.000273212
0.000265489
0.000312232
0.000266591
0.000359969
0.000323356
0.000303303
0.000304506
0.00036468
0.000316472
0.000375535
0.000296988
0.000319292
0.000366787
0.000316634
0.000352763
0.00034397
0.000325843
0.000339982
0.000334426
0.000466533
0.00034146
0.00030563
0.000364905
0.000390049
0.000412111
0.000386736
0.000364615
0.000600091
0.00037389
0.000451826
0.000355432
0.000405028
0.000373902
0.000506853
0.000418778
0.000403641
0.000428029
0.000440308
0.000425498
0.000517758
0.000431256
0.000434675
0.000405627
0.000370231
0.000386036
0.000421949
0.000405338
0.000382725
0.000416248
0.000379277
0.000372744
0.000377425
0.000409574
0.000503025
0.000417625
0.000389079
0.000403259
0.000366067
0.000394868
0.000348676
0.000335985
0.000465387
0.000372002
0.000369349
0.000373899
0.000375382
0.000405468
0.000374381
0.000320837
0.000424403
0.000394946
0.000423807
0.000362421
0.000396916
0.000403283
0.00038762
0.000421097
0.000393483
0.000337623
0.00033449
0.000324894
0.00030759
0.000441103
0.000370893
0.000373858
0.000580138
0.000696199
0.000367813
0.000569054
0.000356195
0.000366483
0.000496232
0.000441094
0.000408559
0.000421677
0.000400062
0.000434652
0.000370071
0.000374105
0.000368437
0.000403508
0.000422385
0.000386102
0.000378926
0.000419056
0.000407917
0.000357759
0.0003826
0.00039197
0.000358479
0.00040942
0.000369676
0.000390152
0.000347281
0.000388974
0.000335393
0.000352516
0.00035574
0.000384309
0.000324385
0.000349689
0.000369905
0.000370509
0.000390901
0.000680979
0.000442611
0.000374984
0.000376827
0.000351581
0.000385107
0.000374172
0.000366232
0.000339142
0.0005621
0.000416293
0.000408986
0.000452944
0.000404716
0.00034561
0.000357882
0.0003922
0.000350832
0.000391746
0.000420384
0.000350663
0.000386195
0.000338759
0.000438251
0.000381205
0.000330622
0.000405858
0.000329794
0.000303846
0.0002901
0.000338827
0.000332628
0.000318048
0.000328432
0.000297408
0.000305178
0.000317366
0.000309745
0.000335736
0.000294729
0.00029277
0.00032785
0.000279267
0.000267986
0.000328354
0.000319375
0.000294249
0.000266279
0.000300656
0.000304932
0.000295951
0.00028285
0.000279665
0.000266381
0.00024981
0.00029164
0.00025763
0.000245476
0.0002444
0.000309382
0.000254532
0.000245082
0.00022861
0.000254544
0.000239357
0.000262628
0.000259859
0.000221933
0.000223678
0.000208807
0.000211159
0.000201837
0.000233609
0.000204023
0.000200648
0.000207594
0.000201723
0.000230721
0.000211349
0.00025593
0.000212816
0.000230627
0.000182431
0.000209829
0.000206956
0.000204195
0.000220555
0.000177089
0.000195475
0.000218422
0.000195029
0.000180718
0.000219194
0.000155084
0.000172366
0.000166918
0.000164437
0.000187852
0.000154221
0.000191044
0.000144593
0.000149246
0.000166473
0.000176704
0.000167892
0.000136926
0.000131618
0.000132125
0.000146768
0.000166432
0.000190638
0.000152094
0.000135157
0.00015929
0.000119104
0.000141124
0.00011704
0.000123725
0.000121019
0.000126573
0.000103065
8.9889e-05
0.000119811
0.000197346
0.000107458
0.000101388
0.000103051
0.000112202
0.000113338
0.000115253
0.000114092
0.000130996
9.492e-05
0.000134679
0.000102631
8.1796e-05
9.8386e-05
9.3281e-05
0.000107579
8.5869e-05
7.3438e-05
8.1926e-05
6.8338e-05
7.41e-05
7.6704e-05
8.6098e-05
7.7336e-05
6.5159e-05
5.8269e-05
5.8564e-05
6.6515e-05
6.7167e-05
9.5426e-05
7.3431e-05
7.0626e-05
6.8098e-05
0.000107792
7.7799e-05
0.000113138
6.7393e-05
0.000131518
6.7552e-05
7.3883e-05
8.1796e-05
8.3699e-05
8.4583e-05
8.3698e-05
0.000113351
9.0032e-05
9.4515e-05
9.9707e-05
0.000160816
0.000111113
8.6648e-05
0.000114384
0.000118145
0.000134474
0.000107354
0.000148301
0.000101698
0.000110546
9.8675e-05
0.000102475
0.000139781
9.1721e-05
0.000104507
0.000125667
0.000125198
0.000132534
0.000107839
0.000110783
0.000118713
0.00016182
0.000117739
0.000120761
0.000156526
0.000170991
0.000147425
0.000157907
0.000206488
0.000166938
0.000196562
0.00018236
0.000181033
0.000192621
0.000182859
0.000204129
0.00023793
0.000216444
0.000245605
0.00029248
0.000268529
0.000257592
0.000263408
0.000283031
0.000413981
0.000256791
0.000290057
0.000296519
0.000296923
0.000301676
0.000295823
0.000286078
0.000304534
0.000308253
0.000298742
0.000286471
0.000323208
0.000294655
0.000285339
0.000382722
0.000330886
0.000280746
0.000263131
0.0003128
0.000296654
0.000311611
0.00031942
0.000370859
0.000306022
0.000308084
0.000342848
0.000386837
0.000368597
0.000363222
0.000433142
0.000474618
0.000383253
0.000342203
0.000369737
0.000413917
0.000366406
0.000379999
0.000364746
0.000393814
0.00037477
0.000381347
0.000402599
0.000376714
0.000368779
0.000393167
0.000390258
0.000458887
0.000410028
0.00042237
0.000456735
0.000382439
0.000383545
0.00047099
0.000372071
0.00035607
0.000413734
0.000409952
0.000361932
0.000448754
0.000441089
0.000408122
0.000395776
0.000317822
0.000463554
0.00040523
0.000411224
0.000367922
0.000425422
0.000423529
0.000387952
0.000379299
0.000429046
0.000422798
0.000447013
0.000442191
0.000369964
0.00039129
0.000426018
0.000350915
0.000380714
0.000373251
0.000394901
0.000377545
0.000430905
0.000373264
0.000370226
0.000537307
0.000428976
0.00038075
0.000466821
0.00047724
0.000490069
0.000483436
0.000394562
0.000435826
0.000405989
0.000479558
0.000441955
0.000496536
0.000480687
0.000434229
0.000448062
0.000430734
0.000441267
0.000449179
0.000380284
0.00043252
0.000446628
0.000480931
0.000417611
0.000484245
0.000463844
0.000424228
0.000358733
0.000427761
0.000432685
0.000375959
0.000335984
0.000347178
0.000406219
0.000384667
0.000341086
0.000410122
0.000369455
0.000333804
0.000379481
0.000313025
0.000300491
0.000342836
0.000254678
0.000226087
0.000212906
0.000213509
0.000206038
0.000233907
0.000199829
0.000270548
0.000239444
0.000178624
0.000281463
0.000223739
0.000175599
0.00016954
0.000155895
0.00016003
0.00017164
0.000185751
0.000144354
0.000140033
0.000174027
0.000159089
0.000145281
0.000151085
0.000146299
0.000182547
0.00017696
0.000202854
0.000180453
0.000189946
0.000214658
0.000206261
0.00018853
0.000212608
0.000207594
0.000196746
0.00020556
0.000171007
0.000179186
0.000208103
0.000208737
0.000226598
0.000247053
0.000218555
0.00021728
0.000243599
0.000224349
0.000204159
0.000175282
0.000233363
0.0002081
0.000179897
0.000189361
0.00020228
0.000134623
0.000211848
0.000157326
0.000187591
0.000157832
0.000149632
0.000133636
0.000128384
0.000138651
0.000107625
0.00012978
0.000122236
0.000118635
0.000178126
0.000157316
0.000129132
0.000131038
0.00012242
0.000124251
0.000110545
0.00010705
0.000107379
0.000124347
0.000115231
0.000109843
0.000121056
0.000131012
0.000108959
0.000120066
9.2906e-05
0.000127142
9.8943e-05
0.000102074
9.2019e-05
8.8503e-05
8.913e-05
0.000102809
9.9331e-05
0.000103822
8.4612e-05
8.1312e-05
6.8476e-05
6.7985e-05
7.1806e-05
7.3664e-05
9.9835e-05
0.000102678
8.0007e-05
0.00010213
8.1506e-05
8.4815e-05
8.9299e-05
9.2578e-05
9.8736e-05
8.392e-05
0.000121182
9.6802e-05
9.6323e-05
9.1057e-05
8.3779e-05
0.000105375
0.000110077
0.000105918
0.000263858
9.0757e-05
8.6211e-05
0.000132628
0.000283019
8.7893e-05
9.0985e-05
0.00010636
8.2776e-05
9.5415e-05
9.7138e-05
0.000110431
0.000105545
0.0001012
0.00010328
9.896e-05
0.000117582
0.0002227
0.000156604
0.000130693
0.000133664
0.000144061
0.000141386
0.000151562
0.000165469
0.000206142
0.000196291
0.000188325
0.000192266
0.000184063
0.000168725
0.000191835
0.000173929
0.00020251
0.000176819
0.000244058
0.00018901
0.000178417
0.000229096
0.000238053
0.000162485
0.000227282
0.000162897
0.000130181
0.000140729
0.000145402
0.000156839
0.000150623
0.000169285
0.000112507
0.000123755
0.000150979
0.000168456
0.000136146
0.000128641
0.000108105
0.000120996
0.000147217
0.0001484
0.000118972
0.000113893
0.000170828
0.000140403
0.000114945
0.000120085
0.000119391
0.000114505
0.000123764
9.9287e-05
9.7826e-05
0.000101444
9.0782e-05
9.8469e-05
0.00010372
9.9257e-05
0.000102036
8.6453e-05
8.3364e-05
6.2535e-05
6.8016e-05
6.3798e-05
8.5513e-05
5.8737e-05
6.3311e-05
5.1865e-05
7.342e-05
4.9601e-05
8.1988e-05
5.8779e-05
7.6214e-05
7.6653e-05
0.000132895
8.3604e-05
5.2711e-05
6.9887e-05
6.3449e-05
6.4581e-05
6.5199e-05
7.1403e-05
8.634e-05
5.5271e-05
6.2222e-05
5.3665e-05
8.2274e-05
7.5114e-05
6.3505e-05
7.1147e-05
6.1588e-05
0.000128826
6.9448e-05
5.9536e-05
8.2338e-05
6.2248e-05
6.1993e-05
6.6903e-05
6.9058e-05
7.7375e-05
6.632e-05
6.6229e-05
8.7423e-05
8.611e-05
8.2771e-05
7.9048e-05
0.000109873
9.7443e-05
8.3899e-05
7.3879e-05
7.9236e-05
8.8306e-05
7.6783e-05
9.5419e-05
0.000226117
9.3888e-05
8.0165e-05
0.00013033
9.0772e-05
9.3514e-05
0.000109381
8.9484e-05
0.00010495
0.000119335
8.0164e-05
0.000110974
0.000118418
8.7358e-05
7.4192e-05
9.0681e-05
8.91e-05
9.6148e-05
0.000102419
9.2614e-05
0.000104733
9.3675e-05
0.000132827
0.000166219
0.000106911
0.000123978
9.585e-05
9.2924e-05
0.000112354
9.0834e-05
9.0306e-05
8.3765e-05
9.2962e-05
0.000127717
0.00011351
0.000143862
9.9331e-05
0.000108843
0.000121243
0.000155647
9.1959e-05
0.000109554
9.0172e-05
7.9135e-05
0.00010297
7.9299e-05
8.6178e-05
0.000114816
0.000104168
9.5806e-05
9.3839e-05
8.5762e-05
8.0305e-05
8.2271e-05
9.1333e-05
8.1824e-05
9.7767e-05
7.3458e-05
8.5302e-05
8.9559e-05
7.3016e-05
6.8882e-05
9.75e-05
6.8338e-05
8.6696e-05
0.000108306
9.8516e-05
0.000108165
0.00010133
9.3251e-05
0.000103719
0.000143228
8.1415e-05
0.000103124
9.1521e-05
8.9617e-05
8.9119e-05
9.2962e-05
9.1695e-05
0.000129522
9.5779e-05
9.3338e-05
0.000108773
9.3133e-05
0.000133634
9.2384e-05
0.000143765
8.3945e-05
0.000102505
0.000104535
0.000107293
0.000114499
0.000128684
9.4541e-05
8.3913e-05
8.3865e-05
9.7191e-05
8.6697e-05
0.000103664
9.6592e-05
0.000116696
8.8297e-05
0.000133992
7.9202e-05
7.4515e-05
0.000102947
7.3943e-05
8.1743e-05
6.7281e-05
9.4841e-05
7.8497e-05
6.9924e-05
7.5706e-05
7.234e-05
8.687e-05
7.4544e-05
7.3032e-05
6.5419e-05
6.5394e-05
6.4065e-05
8.4867e-05
6.938e-05
7.1476e-05
7.4759e-05
8.0001e-05
7.5518e-05
6.3535e-05
6.4463e-05
6.6314e-05
6.3717e-05
6.885e-05
6.1183e-05
8.2019e-05
5.6151e-05
5.6191e-05
8.5462e-05
6.0612e-05
6.1314e-05
8.9168e-05
6.6216e-05
6.5425e-05
7.5137e-05
8.0649e-05
8.3375e-05
9.2116e-05
6.9604e-05
7.1413e-05
7.1295e-05
7.3719e-05
6.9359e-05
9.01e-05
6.5562e-05
8.3209e-05
0.000120824
8.6954e-05
7.1155e-05
8.966e-05
8.2437e-05
8.6529e-05
6.2742e-05
6.3557e-05
6.266e-05
7.4856e-05
5.7261e-05
5.684e-05
5.8271e-05
5.6441e-05
5.7954e-05
5.5361e-05
9.1645e-05
5.8355e-05
5.7698e-05
5.7486e-05
6.0895e-05
5.8044e-05
5.8541e-05
5.7586e-05
6.5482e-05
7.7282e-05
0.000103677
5.506e-05
5.5794e-05
5.4544e-05
8.8323e-05
5.6362e-05
5.4912e-05
8.7432e-05
6.1812e-05
5.7072e-05
7.2813e-05
6.9734e-05
6.7686e-05
5.5512e-05
0.00010115
5.8934e-05
5.7839e-05
5.8269e-05
5.5643e-05
6.9382e-05
7.8455e-05
5.5097e-05
6.0492e-05
5.8394e-05
5.7466e-05
6.9846e-05
8.1471e-05
6.0169e-05
6.0831e-05
6.026e-05
6.3877e-05
0.00010119
6.6317e-05
8.1369e-05
6.5079e-05
6.4042e-05
6.3383e-05
6.6654e-05
0.000111527
0.000120096
6.9502e-05
6.9226e-05
6.8793e-05
7.5217e-05
6.9605e-05
7.1299e-05
0.000110207
8.9399e-05
7.8533e-05
6.9257e-05
9.2483e-05
6.7452e-05
7.6439e-05
7.0662e-05
9.7126e-05
7.689e-05
9.5623e-05
7.5854e-05
8.3252e-05
7.416e-05
0.00010764
8.457e-05
8.7396e-05
8.5217e-05
8.5013e-05
0.00010055
8.01e-05
9.2342e-05
8.4167e-05
0.000128445
8.5412e-05
9.3137e-05
0.000126223
0.000103786
0.000111317
9.5479e-05
0.000131978
9.4656e-05
0.000101331
9.9412e-05
0.000107522
0.000100623
9.0697e-05
8.5049e-05
8.4e-05
9.3763e-05
8.7099e-05
0.000126346
0.000101281
8.429e-05
7.433e-05
8.5545e-05
7.2619e-05
7.7336e-05
9.9274e-05
8.5374e-05
9.9778e-05
8.6706e-05
8.7413e-05
8.9683e-05
8.6622e-05
7.6174e-05
7.7333e-05
6.8174e-05
7.5938e-05
8.3897e-05
7.2713e-05
8.9108e-05
8.597e-05
9.5543e-05
0.000249295
9.3914e-05
8.679e-05
9.0162e-05
9.6564e-05
0.000105853
0.000107933
8.921e-05
6.9045e-05
8.178e-05
9.5655e-05
9.0895e-05
8.4471e-05
8.1029e-05
0.000105281
7.3092e-05
8.7533e-05
9.5309e-05
7.03e-05
0.000102027
7.573e-05
0.000100404
9.9237e-05
7.7408e-05
8.7097e-05
8.2291e-05
8.2388e-05
9.2196e-05
9.5787e-05
6.5265e-05
7.9327e-05
9.5271e-05
5.7608e-05
8.1933e-05
6.8083e-05
7.729e-05
7.9492e-05
7.2874e-05
7.6319e-05
6.3489e-05
7.3815e-05
7.2847e-05
6.8719e-05
7.836e-05
7.4162e-05
6.1121e-05
5.9386e-05
7.1231e-05
5.8957e-05
0.000224402
6.7259e-05
5.72e-05
6.6589e-05
6.9368e-05
9.31e-05
6.924e-05
9.9314e-05
8.8987e-05
7.603e-05
9.4876e-05
0.000269921
7.7246e-05
0.000103674
8.4499e-05
8.8678e-05
9.2264e-05
9.1331e-05
0.000117423
0.000124068
0.00011164
0.000138431
0.000124314
0.00013611
0.000155256
0.000173909
0.000155034
0.000183936
0.00013939
0.000147513
0.000160237
0.000153634
0.000370636
0.000155669
0.000149353
0.000188988
0.000138839
0.000179195
0.000174639
0.000179912
0.000152044
0.000149185
0.00014599
0.000165211
0.000156035
0.000183178
0.000180021
0.000193062
0.00018094
0.000168842
0.00016657
0.000194518
0.000184099
0.000225247
0.000310322
0.00018899
0.000152381
0.000206163
0.0001658
0.000179087
0.000175354
0.000181906
0.000211737
0.000237133
0.000193991
0.000214191
0.00020449
0.000216843
0.000205854
0.000255017
0.000234015
0.000244764
0.000241694
0.000201503
0.000319797
0.000187507
0.000221417
0.000241092
0.000228842
0.000265302
0.000246085
0.000204776
0.000184851
0.000227846
0.00018237
0.000181324
0.000205866
0.000211256
0.000226148
0.000175235
0.000180055
0.000124469
0.00015638
0.000146795
0.000129351
0.000137042
0.000203688
0.000139652
0.000127854
0.000113793
0.000120606
0.00012602
0.000192901
0.000128111
0.000123492
0.000117615
0.000124745
0.000125471
0.000139776
0.000123391
0.000110644
0.00011956
0.000156698
0.000132054
0.000109184
0.00012879
0.000107852
0.000108447
0.000109565
0.000127718
0.000117819
0.000113108
0.000125969
0.00010305
0.000109358
0.000136491
0.000128266
0.000105262
0.000122079
0.000120188
9.5165e-05
7.8944e-05
8.014e-05
0.000103336
8.24e-05
8.7817e-05
6.5678e-05
6.9889e-05
7.1326e-05
7.4481e-05
6.9943e-05
6.6113e-05
7.5917e-05
7.065e-05
8.1955e-05
7.7682e-05
7.7356e-05
6.8324e-05
7.255e-05
6.8049e-05
6.0449e-05
7.0804e-05
8.0692e-05
8.789e-05
6.7e-05
6.1079e-05
5.8788e-05
8.0141e-05
6.9212e-05
7.6393e-05
6.3183e-05
6.405e-05
8.6198e-05
8.8562e-05
7.6691e-05
8.37e-05
5.8292e-05
5.8669e-05
9.1293e-05
6.3305e-05
7.219e-05
6.6111e-05
0.00010233
5.9747e-05
6.918e-05
9.9268e-05
7.8992e-05
6.8426e-05
8.9517e-05
8.2288e-05
7.1627e-05
6.5136e-05
6.3997e-05
8.5959e-05
7.7212e-05
6.5047e-05
7.5904e-05
8.7246e-05
8.2464e-05
7.4483e-05
8.7835e-05
8.3441e-05
0.00011691
8.3517e-05
5.7472e-05
0.000107778
8.5344e-05
8.2629e-05
9.3337e-05
0.000117715
9.879e-05
8.822e-05
8.3854e-05
0.000122012
9.4133e-05
0.00011827
9.3765e-05
0.000133445
0.000127726
0.000110556
9.3954e-05
0.000100294
8.9281e-05
9.0979e-05
0.000101121
0.000108028
9.1736e-05
0.000129937
0.000115282
9.3991e-05
9.8413e-05
9.6096e-05
0.000113409
9.8265e-05
9.0899e-05
8.9778e-05
8.9828e-05
9.2782e-05
8.6877e-05
8.7253e-05
0.000169891
0.000134994
0.000121556
9.2657e-05
9.8978e-05
0.000103591
0.000101885
9.9732e-05
9.4643e-05
0.000114918
0.000121706
0.000101006
0.000125983
0.000140449
0.000140239
0.000140788
0.00013989
0.000140039
0.000162458
0.000176768
0.000175883
0.000169884
0.000175602
0.000184779
0.000153769
0.000159574
0.000189295
0.000158542
0.00019404
0.000151584
0.000191365
0.000199575
0.000180237
0.000157997
0.00016745
0.000266166
0.000155109
0.000177278
0.00017116
0.000193216
0.000201732
0.000212951
0.000168562
0.000157736
0.000196858
0.000192723
0.000215353
0.000201434
0.000228689
0.00015015
0.000183358
0.000198696
0.000193214
0.000152013
0.000160662
0.000144452
0.00014373
0.000152786
0.000179602
0.000156287
0.00016949
0.000200781
0.000130282
0.000106201
0.000140358
0.000119234
9.5035e-05
7.465e-05
9.7368e-05
7.3869e-05
7.908e-05
7.4588e-05
7.2973e-05
0.000105548
7.4104e-05
5.3177e-05
5.0275e-05
5.1152e-05
4.6979e-05
7.2494e-05
4.6387e-05
4.2272e-05
7.614e-05
5.5881e-05
6.1413e-05
4.6554e-05
5.2154e-05
3.2365e-05
3.3492e-05
3.2065e-05
4.5667e-05
4.7977e-05
6.4919e-05
4.1839e-05
6.0431e-05
6.7684e-05
5.3508e-05
4.9039e-05
4.661e-05
5.1751e-05
4.018e-05
4.5406e-05
4.6457e-05
4.6084e-05
4.0207e-05
6.3862e-05
6.7513e-05
7.1912e-05
8.897e-05
6.3884e-05
7.6118e-05
7.1715e-05
0.000109252
0.000140541
7.7319e-05
7.3395e-05
6.9835e-05
6.5766e-05
8.3221e-05
6.8014e-05
7.8974e-05
7.6354e-05
9.3885e-05
7.903e-05
7.8276e-05
0.000116736
5.9233e-05
6.3574e-05
8.3822e-05
6.0465e-05
8.6066e-05
6.492e-05
5.2946e-05
6.2643e-05
5.297e-05
5.5167e-05
5.4956e-05
7.4263e-05
4.3762e-05
5.5818e-05
5.0974e-05
9.6228e-05
5.5837e-05
4.4643e-05
4.6278e-05
6.0972e-05
5.0321e-05
5.4795e-05
5.0761e-05
3.9707e-05
5.7549e-05
4.15e-05
7.645e-05
3.6692e-05
3.8989e-05
5.4645e-05
3.8176e-05
3.8862e-05
5.6379e-05
4.5618e-05
3.8853e-05
3.7886e-05
5.2189e-05
3.5115e-05
5.3234e-05
5.5868e-05
5.785e-05
5.3608e-05
3.7862e-05
4.2625e-05
4.0927e-05
4.1946e-05
3.8804e-05
3.8547e-05
4.0822e-05
6.9307e-05
4.1702e-05
4.0756e-05
5.7232e-05
4.0269e-05
4.0996e-05
4.2536e-05
4.4358e-05
5.8021e-05
0.000100961
6.8269e-05
4.7607e-05
5.632e-05
5.6811e-05
8.4286e-05
9.9631e-05
8.3684e-05
8.8293e-05
8.1936e-05
9.3845e-05
8.8293e-05
7.9962e-05
8.2726e-05
9.6987e-05
8.2182e-05
8.6766e-05
0.00011911
0.000114138
0.000110587
0.000112086
0.000103119
0.000106728
9.7211e-05
0.00011096
0.000135667
0.000116728
0.000147639
0.000119403
0.000149061
0.000143792
0.000144361
0.000156346
0.000161511
0.00013911
0.000137331
0.000135814
0.000125061
0.000129317
0.000121878
0.000137122
0.000145575
0.000145089
0.000173003
0.000173618
0.000169038
0.000161766
0.000160291
0.000160626
0.000223098
0.000157501
0.00019057
0.000194037
0.000160401
0.000198918
0.00025112
0.000161772
0.000158386
0.000185377
0.000187615
0.000178163
0.000185077
0.000182824
0.000176847
0.000197017
0.00017105
0.000170376
0.000192091
0.000194553
0.000201082
0.000182805
0.000157495
0.000164175
0.000142028
0.000155927
0.000163264
0.000135637
0.00014047
0.000176073
0.000155202
0.000222052
0.000147934
0.000156154
0.000151704
0.000138882
0.000123373
0.000130958
0.000155884
0.000141608
0.00012115
0.000141093
0.000113475
0.000121299
0.000138181
0.000135173
0.000141065
0.000165969
0.000125347
0.000115294
0.00011897
9.5581e-05
0.000122404
8.006e-05
9.5319e-05
8.31e-05
0.000108029
0.000111505
0.000115509
9.886e-05
7.775e-05
8.8801e-05
6.1395e-05
8.9767e-05
6.6717e-05
5.8344e-05
8.9968e-05
5.801e-05
6.2326e-05
8.698e-05
7.1141e-05
7.0396e-05
6.539e-05
8.7024e-05
6.8206e-05
5.2314e-05
6.6276e-05
8.2198e-05
9.1408e-05
6.8232e-05
5.4443e-05
5.6538e-05
5.5341e-05
6.9258e-05
7.7579e-05
7.6646e-05
6.103e-05
7.6387e-05
6.3188e-05
6.2306e-05
6.5409e-05
5.4928e-05
6.2699e-05
6.3228e-05
6.3977e-05
6.1517e-05
7.3226e-05
5.84e-05
5.8403e-05
5.2842e-05
5.2339e-05
5.5342e-05
5.9765e-05
5.2516e-05
8.025e-05
7.1998e-05
6.3226e-05
4.9592e-05
5.135e-05
7.2211e-05
5.028e-05
6.719e-05
5.2767e-05
4.8885e-05
4.4327e-05
4.8592e-05
6.3464e-05
3.8055e-05
3.7163e-05
3.9273e-05
5.6304e-05
3.8826e-05
5.075e-05
4.9617e-05
6.7149e-05
5.1529e-05
5.8633e-05
5.3126e-05
6.7486e-05
5.8028e-05
5.5897e-05
5.3134e-05
5.7343e-05
8.7561e-05
6.3951e-05
5.9499e-05
6.4384e-05
9.2735e-05
6.0985e-05
6.9629e-05
8.0207e-05
7.5417e-05
6.5254e-05
8.9771e-05
6.6426e-05
7.5288e-05
8.3824e-05
9.6446e-05
6.4469e-05
9.607e-05
7.9941e-05
7.6549e-05
7.31e-05
7.3716e-05
7.0013e-05
6.7395e-05
7.5321e-05
7.228e-05
0.000100233
7.8368e-05
8.0758e-05
7.5569e-05
9.4043e-05
7.8305e-05
7.0102e-05
9.0956e-05
7.3602e-05
7.5414e-05
7.3749e-05
6.2884e-05
6.9734e-05
6.0347e-05
6.0661e-05
7.7884e-05
6.5864e-05
7.8212e-05
8.8093e-05
8.5931e-05
7.7492e-05
0.000109249
6.0941e-05
6.5191e-05
6.4627e-05
5.8426e-05
6.3746e-05
5.3884e-05
5.9698e-05
6.4654e-05
5.9563e-05
5.3464e-05
5.272e-05
6.2145e-05
6.6471e-05
5.6522e-05
5.6432e-05
5.2274e-05
6.7207e-05
7.6954e-05
7.4645e-05
5.7338e-05
5.3296e-05
5.5046e-05
8.5372e-05
7.0719e-05
5.6122e-05
0.000110664
5.7121e-05
5.1226e-05
5.2371e-05
5.2294e-05
5.1786e-05
5.0231e-05
5.5257e-05
5.499e-05
5.5681e-05
4.4663e-05
4.7575e-05
5.1411e-05
4.2349e-05
6.2466e-05
6.1147e-05
4.3413e-05
4.5046e-05
4.7228e-05
6.0029e-05
4.3476e-05
4.3053e-05
5.4853e-05
4.3465e-05
4.7561e-05
4.3978e-05
6.2263e-05
4.7162e-05
4.3887e-05
4.5659e-05
4.7356e-05
4.9627e-05
4.6874e-05
4.391e-05
6.1652e-05
4.9699e-05
4.9253e-05
5.2164e-05
6.0502e-05
6.231e-05
6.3522e-05
7.9531e-05
0.000124447
8.1408e-05
6.7435e-05
5.3954e-05
6.2988e-05
9.2915e-05
5.6193e-05
5.828e-05
6.2914e-05
8.4121e-05
6.6059e-05
5.8244e-05
6.3877e-05
7.6575e-05
0.000104916
5.8724e-05
7.3974e-05
5.6593e-05
7.989e-05
6.1137e-05
7.1855e-05
6.0328e-05
7.7162e-05
5.0337e-05
5.3224e-05
5.509e-05
4.6923e-05
4.7012e-05
4.8679e-05
4.5839e-05
4.7818e-05
4.6471e-05
5.5135e-05
7.0987e-05
4.6903e-05
4.4393e-05
5.0533e-05
5.758e-05
5.0457e-05
3.6172e-05
4.6448e-05
4.237e-05
4.6979e-05
4.5779e-05
4.6311e-05
5.9367e-05
4.3916e-05
6.3846e-05
3.9355e-05
3.9893e-05
4.04e-05
4.3535e-05
5.8311e-05
4.0257e-05
4.1805e-05
7.6918e-05
4.5449e-05
5.2327e-05
6.2573e-05
4.6333e-05
8.5027e-05
7.6811e-05
6.7481e-05
7.5992e-05
7.8296e-05
7.4845e-05
9.0636e-05
8.7321e-05
8.6911e-05
0.000103156
0.000100416
9.7186e-05
0.00010429
9.8714e-05
0.000123757
0.000149951
0.00014005
0.000156617
0.000143129
0.000128751
0.000159725
0.000146485
0.000163603
0.000198122
0.000151229
0.00017162
0.000188783
0.000162627
0.000168179
0.000196558
0.000199879
0.000216995
0.000211915
0.000207277
0.000206507
0.000199318
0.000199126
0.000195007
0.000227594
0.000225814
0.000239154
0.0002211
0.000230739
0.000270889
0.000246246
0.000313822
0.000242494
0.000540161
0.000300934
0.000299951
0.000448802
0.000266981
0.000244562
0.000319574
0.000259041
0.000258988
0.000252898
0.000262969
0.000285101
0.000241976
0.000266326
0.00027523
0.000353276
0.000360267
0.000222724
0.000282617
0.000260433
0.000234861
0.000291401
0.000221808
0.000250804
0.000232624
0.000243495
0.000209542
0.000233785
0.00026046
0.000227784
0.000207719
0.000222197
0.000271073
0.000243427
0.00023628
0.000220716
0.000220901
0.000200077
0.000216616
0.00022988
0.000264951
0.000307424
0.000354972
0.000214086
0.000280377
0.000266567
0.000466061
0.000240726
0.00031286
0.000253777
0.000302523
0.000230447
0.000241632
0.000194438
0.000299506
0.000363431
0.00025932
0.000280343
0.00024005
0.000257068
0.000267774
0.000278259
0.000239079
0.000238611
0.000221961
0.000252259
0.00027068
0.000241245
0.000246036
0.000191257
0.000244957
0.000203565
0.00023758
0.000207931
0.000255422
0.000263154
0.000237664
0.000225989
0.000228969
0.000186649
0.000214459
0.000180314
0.000199521
0.000325912
0.0001895
0.000183842
0.000179265
0.000163194
0.000214597
0.000218525
0.000197615
0.000224486
0.000231932
0.000304391
0.00016659
0.000179071
0.000211602
0.00020326
0.000174347
0.000217451
0.000170993
0.000199938
0.000166311
0.000181198
0.000226651
0.000157006
0.000160117
0.000166347
0.000183832
0.000173763
0.000166906
0.000219644
0.000193072
0.000245304
0.000187575
0.000166742
0.000225722
0.000146875
0.000186281
0.000179592
0.000159659
0.000230131
0.000189731
0.000180904
0.000185272
0.000131515
0.000150882
0.000147268
0.000171046
0.000145641
0.000135791
0.00015502
0.000163934
0.000156061
0.000149442
0.000139978
0.000176703
0.000180259
0.000171444
0.00016816
0.000117217
0.00013225
0.000156776
0.000127191
0.000154828
0.000137078
0.000119282
0.00014424
0.000123985
9.9396e-05
0.000147486
0.000111928
0.000111124
0.000113403
0.000145817
0.000147207
0.000122264
0.000100114
9.7263e-05
9.1764e-05
0.000119021
0.000100925
0.000117933
0.000111219
0.000120442
0.000104399
9.9642e-05
0.000126394
0.00011087
0.000122499
0.000133484
9.9643e-05
0.000131109
0.000104612
0.00010929
9.1414e-05
0.000116136
0.000178596
0.000100718
0.000102015
0.000100643
0.0001047
0.00015561
0.000115909
0.000125947
0.000202452
0.000111561
0.000172687
8.181e-05
0.000120673
8.4675e-05
9.3489e-05
0.00013919
0.000100696
9.154e-05
8.3837e-05
8.7211e-05
8.0173e-05
0.000109598
0.000100736
8.5665e-05
9.2978e-05
8.0069e-05
7.4827e-05
7.758e-05
8.1881e-05
8.1715e-05
7.4176e-05
6.2739e-05
7.6793e-05
5.9937e-05
6.8263e-05
0.000110463
0.000135342
6.8953e-05
8.1697e-05
8.111e-05
8.89e-05
0.000122017
7.6117e-05
7.503e-05
7.0334e-05
7.0919e-05
7.4943e-05
9.8048e-05
8.8883e-05
7.1657e-05
7.4914e-05
7.5606e-05
8.8452e-05
9.7137e-05
7.1362e-05
7.0611e-05
9.4799e-05
6.8704e-05
7.442e-05
7.1382e-05
6.9901e-05
0.000106746
9.2304e-05
0.000119608
8.0547e-05
7.9451e-05
7.8732e-05
0.000123388
9.6855e-05
9.3894e-05
0.00010003
0.000111347
0.000133244
0.000110987
0.000100147
8.6053e-05
0.000115162
0.000108719
0.000116243
0.000105096
0.000111236
0.000110228
0.000115816
9.446e-05
9.3688e-05
8.8025e-05
0.000124555
0.000124262
0.000109186
0.000111398
0.00011032
0.000113934
0.000117946
9.6749e-05
9.3819e-05
0.000112038
0.000107591
8.5802e-05
9.5602e-05
8.2885e-05
8.5311e-05
8.4515e-05
8.4214e-05
0.000100281
8.3587e-05
8.2411e-05
0.000110948
9.9362e-05
9.4365e-05
9.0508e-05
0.000103482
0.000100705
8.6533e-05
0.000101907
0.000120529
8.5458e-05
0.000101942
0.000142547
0.000130875
8.6826e-05
0.00010373
0.000149689
0.000139441
0.00011238
0.000112401
9.9031e-05
8.9449e-05
0.00013588
9.9793e-05
8.641e-05
0.000126243
9.1866e-05
9.7532e-05
9.9392e-05
0.000138769
0.000107192
0.000106491
9.9474e-05
9.7509e-05
9.2057e-05
9.2756e-05
0.000125861
9.1236e-05
8.7465e-05
8.6695e-05
8.5224e-05
8.7404e-05
7.8938e-05
8.7523e-05
8.9057e-05
9.7856e-05
8.3178e-05
8.9435e-05
9.5392e-05
8.6755e-05
0.000160253
0.000101138
0.000100036
8.7164e-05
8.1867e-05
8.4393e-05
0.00014801
8.9494e-05
9.3438e-05
9.5104e-05
0.000131399
9.9617e-05
0.0001173
0.000133618
0.000116814
7.7899e-05
9.6507e-05
8.5408e-05
8.8085e-05
0.000150813
8.1204e-05
8.3528e-05
0.000158169
8.5166e-05
0.000156007
0.000155123
0.000127981
9.7094e-05
9.0344e-05
8.971e-05
7.7086e-05
8.4014e-05
0.000107118
8.5531e-05
9.4226e-05
9.8825e-05
7.7958e-05
7.3779e-05
7.4635e-05
8.021e-05
8.8152e-05
0.00012
9.5614e-05
0.000100941
9.5338e-05
7.8372e-05
7.3528e-05
7.3733e-05
8.7599e-05
7.3171e-05
8.6307e-05
9.7359e-05
8.0912e-05
9.8922e-05
8.6302e-05
7.9479e-05
9.9618e-05
9.3505e-05
0.000110243
0.000104394
7.5655e-05
8.2207e-05
7.2436e-05
7.6034e-05
7.7869e-05
7.3465e-05
7.6893e-05
9.7178e-05
8.2931e-05
7.8888e-05
7.7777e-05
7.6741e-05
7.336e-05
7.4575e-05
0.000114559
7.9173e-05
8.4553e-05
8.8771e-05
8.6964e-05
7.3671e-05
8.3201e-05
7.9053e-05
7.5889e-05
8.987e-05
0.00012439
9.7068e-05
9.8894e-05
0.000109965
8.8631e-05
7.7047e-05
7.4987e-05
7.4958e-05
7.7737e-05
7.8028e-05
7.6747e-05
0.000114926
7.4202e-05
7.0404e-05
0.000116441
6.6482e-05
7.0491e-05
8.1671e-05
8.9361e-05
8.9559e-05
7.1529e-05
6.913e-05
6.9942e-05
9.8759e-05
7.3524e-05
9.2877e-05
7.0783e-05
6.875e-05
7.4169e-05
7.9545e-05
8.8144e-05
7.8311e-05
9.2501e-05
9.5018e-05
8.5372e-05
6.8851e-05
6.9353e-05
7.0675e-05
7.0908e-05
8.1576e-05
7.4565e-05
6.6379e-05
7.4203e-05
8.7933e-05
7.0654e-05
8.4676e-05
0.000126039
0.000153207
0.000114756
0.000185109
7.5379e-05
6.5646e-05
6.8117e-05
7.0683e-05
8.4952e-05
6.8934e-05
7.2216e-05
6.4533e-05
8.2396e-05
6.9573e-05
6.3663e-05
6.5353e-05
6.7284e-05
7.2702e-05
9.0042e-05
6.7738e-05
6.8059e-05
6.4732e-05
6.8465e-05
6.6942e-05
7.3201e-05
8.631e-05
6.3535e-05
7.2332e-05
6.5271e-05
6.7618e-05
6.6336e-05
6.7091e-05
6.9687e-05
6.995e-05
8.84e-05
6.4637e-05
6.842e-05
7.3807e-05
7.3666e-05
6.4782e-05
8.5393e-05
7.2454e-05
0.00011639
9.6037e-05
6.4326e-05
6.384e-05
7.4804e-05
7.1541e-05
9.0356e-05
8.8507e-05
7.1657e-05
6.6818e-05
6.5029e-05
6.7516e-05
7.525e-05
8.3565e-05
0.000111761
7.0185e-05
7.8566e-05
8.9951e-05
7.7439e-05
6.9674e-05
6.5333e-05
6.7162e-05
6.382e-05
6.6336e-05
7.0917e-05
7.2383e-05
6.8869e-05
6.7818e-05
6.9305e-05
6.7559e-05
6.7889e-05
7.5587e-05
8.938e-05
0.000101317
7.1681e-05
9.3473e-05
0.000102165
6.8419e-05
0.000104553
7.1882e-05
7.3884e-05
6.9698e-05
7.1895e-05
9.5989e-05
7.4903e-05
7.7156e-05
7.3139e-05
0.000107752
7.4944e-05
9.1548e-05
7.3311e-05
7.7921e-05
0.000122379
7.5926e-05
9.6751e-05
9.5351e-05
0.000135482
7.94e-05
0.000117091
7.4677e-05
7.7888e-05
0.000113488
7.9575e-05
7.6134e-05
7.8342e-05
7.4247e-05
8.7845e-05
8.982e-05
7.2317e-05
8.7239e-05
9.1243e-05
9.5386e-05
7.5272e-05
0.000135237
7.389e-05
7.5697e-05
0.000142445
0.000144545
0.000166496
0.000172163
0.000161049
9.5904e-05
7.685e-05
9.2942e-05
8.0351e-05
7.9494e-05
0.000133975
0.000157634
0.000112962
9.384e-05
9.3805e-05
0.000100444
9.0645e-05
7.6548e-05
7.5541e-05
8.2762e-05
9.2163e-05
7.9182e-05
9.1192e-05
8.1997e-05
8.4444e-05
0.000100106
8.6532e-05
0.000132763
0.000125244
9.7922e-05
8.4483e-05
7.8339e-05
8.9876e-05
8.1854e-05
0.000102376
8.3312e-05
8.5728e-05
6.8392e-05
7.4967e-05
8.2666e-05
9.9206e-05
8.5602e-05
8.7667e-05
9.1354e-05
8.3378e-05
8.6882e-05
9.8888e-05
7.1348e-05
8.1862e-05
6.7986e-05
7.6131e-05
7.8526e-05
6.9767e-05
8.4844e-05
8.9804e-05
6.5344e-05
7.0839e-05
6.9029e-05
9.2981e-05
8.9227e-05
8.094e-05
0.000142084
0.000131362
9.7325e-05
8.7067e-05
8.5849e-05
8.9247e-05
7.5907e-05
7.6351e-05
8.6482e-05
7.1167e-05
6.8646e-05
7.3488e-05
0.000113199
6.9955e-05
7.3777e-05
8.8941e-05
7.0551e-05
6.847e-05
7.216e-05
7.4565e-05
6.9577e-05
7.2242e-05
7.7884e-05
7.1777e-05
6.7553e-05
6.6141e-05
0.000113285
6.7429e-05
8.5295e-05
6.8133e-05
7.1888e-05
7.2455e-05
0.000103477
6.9267e-05
6.9804e-05
6.9394e-05
7e-05
7.3798e-05
0.000146338
0.000107178
7.24e-05
7.1384e-05
7.3809e-05
6.891e-05
7.6232e-05
7.312e-05
8.9106e-05
9.448e-05
8.757e-05
9.3557e-05
7.0962e-05
7.2806e-05
6.9535e-05
8.8419e-05
9.4784e-05
7.6659e-05
7.7423e-05
0.000126367
7.0549e-05
7.2134e-05
7.6328e-05
7.6734e-05
8.4544e-05
7.6011e-05
7.5863e-05
8.4307e-05
7.7694e-05
7.1054e-05
0.000104895
7.0474e-05
7.4417e-05
7.8569e-05
7.4091e-05
7.0318e-05
7.5611e-05
8.3707e-05
0.0001171
0.000129302
0.000122091
9.4949e-05
0.000111597
8.8926e-05
7.2861e-05
7.4271e-05
7.023e-05
8.7888e-05
0.00015168
8.9184e-05
7.2239e-05
7.0806e-05
7.6561e-05
7.0651e-05
7.3463e-05
7.0406e-05
7.5938e-05
7.3832e-05
9.0331e-05
7.2428e-05
0.000120338
9.6445e-05
8.4408e-05
7.3447e-05
7.8277e-05
8.3312e-05
7.9181e-05
7.6911e-05
7.4582e-05
7.5254e-05
0.000123034
7.4477e-05
9.2262e-05
0.000100102
7.9413e-05
7.6895e-05
7.6193e-05
9.3186e-05
7.3044e-05
7.5701e-05
9.4538e-05
0.00012444
7.5942e-05
7.8633e-05
7.7479e-05
7.5276e-05
7.756e-05
6.8219e-05
0.000116545
8.0346e-05
0.000104271
7.5326e-05
7.2556e-05
8.1272e-05
7.3983e-05
7.8303e-05
7.519e-05
7.5551e-05
7.1462e-05
7.4199e-05
9.5173e-05
7.5318e-05
7.0391e-05
6.9713e-05
0.000122558
9.1261e-05
7.3568e-05
7.224e-05
8.5787e-05
7.3946e-05
0.000151871
8.1116e-05
9.4862e-05
9.2263e-05
9.4299e-05
7.8935e-05
7.7239e-05
0.000109077
7.8969e-05
8.0037e-05
7.9082e-05
0.000112476
7.6997e-05
8.5574e-05
8.0282e-05
0.000128724
7.4325e-05
9.2246e-05
9.4333e-05
7.4697e-05
7.0933e-05
7.2129e-05
7.244e-05
7.417e-05
6.9213e-05
0.000156014
0.00019147
7.404e-05
7.7338e-05
0.000144938
7.3702e-05
7.7416e-05
7.5377e-05
8.4324e-05
7.8001e-05
7.7865e-05
0.000122492
7.4327e-05
7.9395e-05
0.000106818
0.000110487
0.00017573
0.000121656
7.3223e-05
7.6717e-05
7.8331e-05
7.5638e-05
8.2327e-05
8.8119e-05
0.000132799
9.3262e-05
7.188e-05
7.8788e-05
7.5136e-05
