1.3643e-05
1.8574e-05
8.133e-06
8.994e-06
8.58e-06
8.587e-06
2.3715e-05
9.078e-06
8.973e-06
8.161e-06
8.384e-06
8.634e-06
8.59e-06
8.649e-06
8.382e-06
1.0378e-05
9.755e-06
8.615e-06
8.778e-06
8.959e-06
9.395e-06
8.962e-06
9.031e-06
8.915e-06
9.066e-06
9.316e-06
9.088e-06
9.149e-06
9.227e-06
1.3272e-05
1.0063e-05
9.303e-06
1.0082e-05
1.0339e-05
9.078e-06
1.4293e-05
9.704e-06
2.1838e-05
8.999e-06
9.34e-06
9.908e-06
9.8e-06
1.0046e-05
8.956e-06
8.87e-06
9.492e-06
2.5306e-05
9.949e-06
9.879e-06
1.2791e-05
9.202e-06
9.248e-06
9.73e-06
2.9851e-05
9.285e-06
9.754e-06
2.4423e-05
9.439e-06
9.282e-06
9.609e-06
9.646e-06
1.2525e-05
1.4156e-05
9.289e-06
8.962e-06
9.672e-06
9.226e-06
9.517e-06
9.572e-06
1.0134e-05
9.062e-06
8.779e-06
9.09e-06
9.051e-06
9.033e-06
9.129e-06
8.763e-06
9.049e-06
1.1942e-05
8.841e-06
8.963e-06
1.3019e-05
8.805e-06
9.481e-06
8.907e-06
9.158e-06
9.961e-06
3.6976e-05
8.685e-06
8.601e-06
9.106e-06
8.345e-06
8.693e-06
9.153e-06
9.275e-06
1.209e-05
1.2316e-05
8.037e-06
1.2106e-05
2.4032e-05
1.3045e-05
8.238e-06
8.358e-06
8.48e-06
8.247e-06
8.217e-06
2.2958e-05
3.8801e-05
8.406e-06
1.2345e-05
8.146e-06
8.241e-06
8.384e-06
2.109e-05
2.4204e-05
8.98e-06
1.1994e-05
9.167e-06
2.4067e-05
8.545e-06
9.815e-06
9.107e-06
8.741e-06
2.096e-05
8.945e-06
1.5871e-05
1.0384e-05
9.142e-06
2.1658e-05
9.067e-06
9.064e-06
9.506e-06
9.171e-06
9.024e-06
9.244e-06
9.269e-06
9.389e-06
9.141e-06
9.322e-06
9.268e-06
9.108e-06
8.929e-06
9.043e-06
9.231e-06
8.961e-06
1.0473e-05
1.3421e-05
8.96e-06
9.135e-06
9.157e-06
9.273e-06
9.454e-06
9.09e-06
1.0469e-05
9.299e-06
9.412e-06
9.529e-06
